Tb927_01_v5.1
1 2213
3043 4291
4387 4729
4955 5096
5197 5292
5397 5511
5634 6046
6114 10362
11519 11907
12368 12636
12980 36626
36724 40153
41026 42433
43158 44885
45461 45710
48069 48144
48572 48852
49009 49900
50664 51983
52852 57601
58526 62984
63116 63297
63593 66731
67749 68340
68598 71539
72082 72173
72417 83292
83593 84554
84811 85231
85457 87922
88624 89262
90203 92055
92223 92808
93000 95939
97119 98581
98695 103575
103817 104521
104685 105160
105517 105569
105895 107184
108009 108994
109542 110241
110904 113748
115518 117042
117405 122516
122803 127552
127723 129284
134397 134843
136244 139712
139782 140746
141731 143436
144466 145120
146706 149553
150225 150284
150853 151337
152344 153650
157594 157873
158389 167685
167789 172688
173018 173286
173368 174698
174774 177056
177595 177802
178917 180326
180527 181672
183119 185735
187574 187884
189355 189566
189692 190341
190465 191223
191400 191503
191755 196909
198488 198961
200181 201111
201868 202169
202694 203253
204492 204689
223658 225346
232561 233244
234259 235022
244729 245265
284931 285668
299001 299839
311591 311906
329707 330047
332568 334579
363665 363717
365451 365642
371243 371364
371468 371522
371795 371924
371997 372144
372382 372936
379593 379655
380062 380178
392453 392680
442949 462123
467736 467839
477755 477869
523576 524281
531750 531953
547033 547093
547326 547455
547667 547721
548505 548586
548749 548851
549267 549385
549453 549526
549788 549968
550047 550098
552399 552741
568145 568405
570243 577170
578321 582709
584596 586325
586882 587010
587613 588577
589189 589409
589481 589638
589925 590126
592298 598565
600041 603131
613911 613996
614414 614508
614664 614838
615077 615602
615684 616274
620832 621652
630173 630598
638324 647832
741524 741998
742496 742821
742899 742957
743046 743292
744795 746687
747135 747205
747352 748071
748945 751331
751738 752511
752792 753235
771174 775113
775810 775956
780469 785476
785547 785610
786198 790275
790923 791336
792281 796580
796658 801711
802012 802270
802734 802793
802952 804902
805909 810446
930476 930568
939176 941079
941852 954754
955370 955620
958487 958665
958980 959055
959278 959334
959436 959491
959635 959692
959896 959958
960118 960174
960298 960462
989534 991172
992279 993329
993713 993934
994228 994353
996483 998549
1011171 1011365
1011805 1011859
1013414 1014001
1014323 1014678
1015085 1015606
1017679 1018047
1019273 1019437
1019661 1019818
1019917 1020021
1020254 1020578
1022649 1023314
1024834 1025700
1026236 1026426
1029790 1029865
1030022 1030134
1030432 1030674
1031179 1031292
1031963 1032534
1032633 1040293
1042324 1047004
1047250 1053326
1053747 1054372
1054552 1054749
1055400 1055665
1055868 1058616
1058729 1061106
1061300 1062175
1062246 1063788
1063862 1064672
Tb927_02_v5.1
203 4547
4843 7005
7366 7619
8562 8937
9110 9337
9480 16609
17425 18000
19909 20061
22372 27878
28061 28160
28702 29301
29590 40876
41532 44543
46260 46962
47559 48379
48457 52348
53188 53434
54150 54587
54936 55055
55579 57270
57338 58649
58834 58917
58998 62576
63290 63754
63972 64511
64829 66727
67891 74133
75900 79370
80423 80839
81049 81126
81407 82248
83039 85313
85971 87854
88419 89033
89263 93884
94514 97071
97626 97858
100059 102717
103230 106128
107505 107839
108708 109155
109416 110334
111291 111670
112046 112124
112265 113224
113723 114108
114457 114543
114756 115288
116596 117682
118029 119172
119695 126891
127843 128070
128978 131741
131828 131928
132050 132103
132710 132764
132963 133178
134433 135862
135968 136160
136281 136350
136742 136838
137807 138104
138272 138484
138641 138697
139249 141224
142053 142720
142852 143005
143206 143790
144830 145001
145473 145927
146053 148626
150534 150731
150834 151243
152250 155931
156923 162110
162945 164712
165084 168476
168573 171889
173386 173764
173992 174552
175500 180968
181729 182316
182439 182563
182984 189497
189651 190817
192004 192464
192921 193067
193611 193670
193904 194181
194290 194442
194785 195021
196095 197052
197183 197337
197674 197787
197859 205696
206407 207786
208671 212202
212280 216339
217119 218844
219016 221656
221730 222768
223107 223830
224478 225014
226187 226824
226941 227762
229898 230706
231235 233664
234206 236491
237252 239838
241723 241833
242373 245826
247466 247855
248452 248518
248922 249052
249299 249819
249954 250376
250543 251423
252025 252225
252624 253715
253842 254198
258726 258904
259435 265290
265859 273329
273497 273862
274065 274347
274882 289849
289916 289965
290361 298785
299234 300134
300694 301369
302133 303071
303241 303652
304115 305470
343310 343486
350731 350840
352572 352678
359588 359772
359983 361714
362322 368194
368356 372657
373470 373958
374646 376396
377183 377696
378283 382284
383199 383940
384071 386137
402713 403507
409508 409827
409902 410013
410491 411047
415078 415698
448648 449394
450430 450516
450907 450971
451638 451697
451874 451968
461578 462413
539813 539868
540772 540847
541768 541829
541941 542242
542405 542473
542883 543170
543442 543518
543757 544131
544236 544385
544613 544798
564138 564338
581501 581591
582137 582202
582282 582354
583041 583194
596001 601574
601690 615786
618000 618176
623017 623283
688299 688701
689537 689943
745792 752600
831035 831085
831649 831817
832912 833262
840604 844808
867171 869433
899037 899513
900634 901501
902391 902890
904560 904961
942470 944504
945510 948388
949262 957718
973860 997426
1035468 1037088
1060684 1065021
1065542 1067519
1077123 1077375
1106414 1107185
1108585 1108704
1109559 1109673
1110053 1110312
1110437 1110813
1112889 1113026
1116877 1119182
1119872 1120102
1120181 1128138
1131089 1131327
1131973 1137306
1138233 1140513
1140649 1149368
1149456 1152698
1154454 1159707
1160620 1160743
1162423 1166088
1166557 1167632
1168637 1168807
1168957 1169910
1170159 1170302
1170556 1172752
1173179 1173737
1178023 1181057
1184038 1191123
1191406 1193948
Tb927_03_v5.1
1 462
726 859
1499 2096
2368 2940
3561 4368
6003 8999
9076 11534
18008 18901
19153 19281
19354 19498
23208 23280
23505 23580
24214 29217
35858 37734
37962 39280
39871 40016
40616 42019
43037 43499
45110 45267
46207 47506
47584 47792
48954 49180
49326 50689
51844 52360
52977 53925
54910 55400
58030 58193
61650 61702
63157 64476
64813 65339
67928 68235
68352 75135
75853 76526
79551 79691
86740 86853
89723 89879
92154 92251
92547 92733
94490 94815
95305 96454
97798 97930
99221 99467
101495 101603
101778 102188
102948 103073
103621 104069
107068 110065
110145 114969
115501 116512
117374 120503
120676 121310
121618 121982
122903 123329
131011 131482
133215 133400
141495 141551
144139 144603
151213 151407
152787 153188
154523 155535
175787 176712
180236 180448
261046 262383
371889 371977
372986 375740
389567 395635
400798 401630
430003 430745
435279 435395
435462 435538
442841 443004
494168 494525
497838 497892
498155 498330
498823 499086
621750 621864
634483 634716
634841 636814
640359 641795
641867 642946
643228 645783
752070 752161
753404 753595
754013 754088
754335 754441
754672 754728
755806 756431
783314 783703
818834 820632
825537 825745
869444 870387
876073 879299
879455 881767
884281 892046
895773 919291
920271 920418
923194 927016
927735 941388
941549 948398
948921 951374
952339 967429
968368 972188
972747 974234
1053413 1055723
1092464 1092892
1095964 1096313
1100896 1101010
1101315 1101391
1101911 1101999
1102301 1102431
1102530 1103652
1104062 1104153
1104364 1104466
1105055 1105194
1122947 1123036
1123038 1123259
1123261 1123483
1147783 1147905
1148442 1150625
1151178 1154787
1155110 1155200
1155344 1156288
1157017 1158609
1169903 1170075
1201262 1201358
1201801 1201858
1210692 1219266
1236971 1238141
1254832 1255086
1255712 1255945
1279677 1279854
1283210 1283373
1334366 1342498
1392173 1392406
1393119 1393320
1396076 1396212
1466075 1466201
1477485 1477768
1477954 1478190
1478431 1478501
1492520 1494627
1511012 1511134
1548111 1548783
1578899 1579056
1579635 1579989
1580476 1580592
1582107 1582278
1582392 1582482
1583358 1583704
1584743 1584795
1585447 1585941
1586128 1590252
1590571 1590770
1591108 1591323
1591391 1591615
1592222 1592309
1592862 1593124
1593975 1602770
1603143 1603716
1603872 1605056
1605304 1606214
1606351 1606846
1606942 1608915
1609122 1610500
1610616 1611207
1611373 1612206
1613312 1613682
1613769 1615208
1615480 1616521
1616667 1617476
1626445 1629970
1631020 1637035
1637756 1637862
1640128 1640359
1640994 1642506
1642787 1643710
1644342 1645453
1648297 1649414
1650406 1651049
1651703 1651930
1652006 1652177
1652870 1652991
1653121 1653225
Tb927_04_v5.1
1 3136
3221 3454
3623 7939
8544 8832
9077 10001
10653 12489
13128 13716
16475 18163
18974 21519
22189 26474
26615 29064
31014 31096
31947 32177
32664 32866
33429 33525
33716 34227
36405 40565
40734 40851
41071 45605
46174 47540
47615 47851
48649 51583
51805 52052
52221 52367
52461 53001
53140 57057
57142 58157
58278 64753
65439 67323
69162 69401
69916 77632
198666 198887
255708 255934
257433 257726
273272 273471
307878 309111
318164 318241
320100 320445
465639 465839
466416 466606
466674 466937
467597 467937
470389 471967
476565 476882
477406 477507
478515 478758
479061 479192
479304 479360
479501 479678
479965 480084
481039 481091
481508 481564
481880 481953
482462 482566
482658 482717
482799 482988
483596 483803
483988 484086
484636 484720
484914 485601
518211 519667
519966 523471
523753 524074
524177 524248
524687 528062
588414 588673
589935 590010
724308 724461
724877 724933
840689 841012
842156 843763
843893 844049
844126 857165
898976 899299
903224 903347
905199 905905
907060 907555
911847 912042
913718 916705
917567 918036
918594 919146
921782 924742
937790 938036
940567 941026
941131 941214
941671 942070
946109 946269
949674 949973
950775 953320
954435 958580
961838 962244
962355 963263
964821 965049
965623 965903
972168 972323
972912 973134
974437 976903
980577 980682
981022 981110
983248 983350
983524 983639
984044 984152
984511 984870
994453 994547
1006830 1008308
1008822 1009678
1010740 1012710
1013409 1016170
1016915 1019515
1020137 1020463
1021068 1021337
1031041 1031599
1046999 1047743
1059065 1060770
1061590 1062298
1063422 1068589
1077195 1077357
1079532 1079701
1080935 1081106
1085593 1085756
1089885 1090226
1092076 1094736
1101507 1101912
1102532 1102725
1125185 1126619
1129739 1133558
1135802 1136998
1144312 1144648
1153322 1153573
1154820 1155013
1156836 1157299
1158809 1160213
1167372 1170770
1171435 1175187
1175695 1186916
1188141 1188987
1189748 1196171
1196861 1199973
1228329 1228425
1228703 1228845
1229665 1229780
1229896 1230051
1230399 1230614
1230747 1230816
1231012 1232200
1234141 1234591
1234810 1234874
1235243 1235429
1235764 1235883
1235965 1237034
1237134 1237368
1237805 1237947
1238328 1238415
1244103 1244298
1246927 1247237
1254285 1254539
1257907 1258061
1269750 1269943
1271730 1271957
1279246 1279412
1285010 1285125
1287694 1288409
1301752 1302258
1307614 1307862
1311187 1311437
1312890 1313197
1319314 1320648
1321472 1326656
1327291 1329267
1345954 1346149
1347575 1352734
1358564 1360011
1361562 1362395
1364488 1365534
1367439 1367606
1370455 1371682
1376514 1376670
1380152 1380988
1384738 1386353
1395287 1396217
1398024 1398849
1401470 1401872
1401960 1402040
1402197 1403300
1403425 1403478
1403570 1403702
1406765 1410848
1412302 1412803
1414578 1415943
1419755 1420259
1425612 1427293
1429130 1436775
1438230 1438308
1438653 1438777
1438898 1438991
1439129 1439279
1439890 1440076
1440167 1440266
1440529 1440814
1440932 1441199
1443442 1444725
1446154 1446276
1451552 1452671
1453228 1453759
1456127 1456961
1457681 1458290
1459638 1459895
1463763 1464068
1465191 1465462
1466622 1466853
1467542 1467720
1469279 1469734
1470613 1473927
1474092 1474511
1474965 1475042
1476408 1486783
1487821 1489786
1492895 1494473
1494973 1495201
1495298 1499087
1499285 1500411
1500487 1501040
1503214 1506291
1506361 1507600
1507973 1508024
1508330 1510074
1511751 1511899
1515577 1516021
1516432 1518649
1520801 1521122
1529595 1530537
1533968 1534272
1537472 1537655
1544914 1545277
1549223 1549472
1550305 1554906
1555663 1555737
1559289 1559462
1560421 1560598
1562558 1563272
1565673 1565942
1566082 1566494
1568617 1569213
1572075 1572735
1573027 1573755
1575480 1575566
1575735 1576299
1577219 1577654
1578048 1578304
1578984 1579096
1581400 1581602
1582336 1582476
1582543 1582956
1583079 1583700
1584497 1585045
Tb927_05_v5.1
1 2157
2460 3203
3796 5161
5446 10279
17799 19400
19528 19653
19756 19876
21837 23568
23781 27003
27335 28503
28593 42914
43424 48054
48399 48448
51344 51411
51554 51652
54163 55400
56923 59883
60096 64987
66794 69009
71803 74169
80375 85227
90710 111207
111710 112977
113568 115871
116984 118574
119228 120856
121387 122089
122831 122982
123204 123717
125273 126155
131270 140823
142795 144213
144752 159761
159985 182233
185099 206238
245627 247032
247235 247858
248403 248541
248785 248946
249076 249424
251194 255206
255914 256832
276631 276829
277621 277932
286255 286519
318563 318712
336848 336963
338473 338739
352877 353043
353645 353744
356005 361777
362596 363357
408048 408579
424197 432876
434028 436816
449235 449526
453889 455071
474240 474601
474676 474835
475071 475149
475856 476037
502313 502478
503595 503851
504817 506922
506992 507047
507556 508658
510107 514029
520310 520536
568550 568762
579504 581236
596705 597133
621837 624806
628628 631482
667894 668077
670723 670937
671686 671745
672354 672412
673944 674027
674598 674715
675140 675617
675773 675827
676306 676727
677389 677763
680585 681797
682127 682301
682554 682706
683118 683176
683696 683849
684735 684787
687128 688181
688877 690688
690862 690947
691149 691411
693008 694053
694139 694582
704240 704387
715755 716075
739789 740049
740320 745097
747719 748226
749310 753655
757566 762622
802542 802988
835949 836072
836890 836997
838451 838640
851565 851677
852976 853025
853093 853227
853385 853447
853867 853983
854235 854371
854621 854694
854786 855195
896691 896826
897646 897758
897976 898029
898297 898977
899214 899447
899783 899906
1055156 1055272
1118882 1119090
1194720 1195182
1211851 1212283
1230290 1232285
1289621 1289922
1290032 1290182
1328688 1335009
1390458 1413089
1413990 1416854
1420233 1423923
1427788 1428000
1428580 1430404
1430776 1430867
1430980 1431327
1431902 1434532
1435342 1442718
1445215 1445637
1447313 1449846
1450051 1453182
1453314 1460896
1464894 1464987
1470982 1471199
1471758 1471925
1472100 1472306
1472833 1472891
1473438 1475508
1478354 1478502
1486674 1492159
1492323 1492711
1493780 1493843
1495171 1495287
1502765 1502879
1504725 1507399
1510505 1512479
1512750 1512800
1513342 1514626
1515019 1516322
1516991 1517058
1517284 1517871
1519293 1520450
1522728 1522954
1525807 1530672
1530743 1531083
1531530 1547743
1547849 1548338
1548410 1549308
1561976 1562858
1563396 1563496
1564470 1564642
1565754 1566114
1566718 1567290
1568284 1569588
1570431 1572295
1573287 1573693
1573870 1574885
1575507 1575627
1577701 1577906
1579096 1579383
1579949 1581047
1582667 1584609
1584680 1587748
1587839 1588275
1590029 1593820
1594130 1605339
1605744 1607504
1608756 1610142
1610592 1611436
1616907 1617333
1618038 1618760
1618984 1624435
1624623 1626062
1626474 1626536
1626711 1630031
1630332 1630568
1631242 1635866
1636433 1637292
1640319 1647425
1650306 1651740
1651827 1652713
1652836 1653041
1653118 1662457
1662573 1665364
1666003 1672599
1672678 1674848
1674992 1675518
1675592 1675649
1675751 1676025
1676187 1676995
1677598 1680468
1681129 1686536
1686658 1691490
1693294 1693763
1695254 1697336
1697703 1703067
1703146 1706033
1706541 1711863
1716150 1716351
1716371 1719882
1720080 1720236
1726494 1727051
1727146 1729793
1729910 1731966
1734358 1734652
1735149 1736575
1737449 1737505
1738206 1741907
1742034 1743576
1743982 1744265
1745004 1747625
1748072 1750980
1751171 1756096
1756841 1761091
1762168 1769325
1769685 1775671
1776014 1776310
1777512 1786626
1788570 1790528
1790744 1791506
1792305 1798798
1798907 1799106
1799644 1802303
Tb927_06_v5.1
1 6009
7236 9370
10154 10518
10684 11214
11361 11422
11688 12099
14049 15523
17021 17889
18517 19542
20386 20639
21738 23019
24690 25030
25224 25471
26384 40979
42260 44936
46008 48304
48449 49072
49222 51402
51650 58678
59154 59656
59737 60801
60912 61042
61112 61266
61364 62330
62391 69643
79412 79656
83102 83291
84766 86543
87915 90814
93993 95951
113332 113562
115800 123680
126280 132176
133204 133888
134843 173582
179173 179910
181401 187752
200769 201454
202283 203738
210417 218543
219163 225760
227136 227216
227349 228324
232456 234546
244136 245376
258609 258723
263579 263748
263845 263938
264821 264907
265384 265459
265729 265961
271468 271579
272165 272260
286205 286412
289163 289379
289470 289524
289599 289681
289945 290133
290234 291326
315230 319187
319724 329244
332001 332333
332838 338672
344702 344870
345308 345707
346932 347064
347135 347304
348063 348207
348317 348467
348769 348833
349022 349095
349265 349314
349437 349523
353990 354231
356919 357427
396988 398107
404685 415502
416900 423866
480061 480323
481725 483126
483338 483749
487091 503882
534607 534682
537710 537802
550663 550726
556691 557365
558408 559067
596988 597044
597424 597589
599550 599656
599785 599840
600917 601076
613479 619074
635112 636647
661481 661695
717139 719366
720193 726246
767634 768105
776502 776559
778721 780000
781143 781388
856462 856550
856848 856933
857648 857835
987330 988059
988239 988343
988789 1005192
1030052 1030284
1030431 1030493
1030879 1031330
1032323 1032709
1034505 1034618
1034873 1034952
1035548 1035640
1036285 1036345
1036543 1036673
1054046 1054349
1117470 1117582
1126441 1128459
1220794 1223074
1238228 1242975
1307522 1307897
1316044 1316254
1331955 1332057
1344505 1360548
1375123 1375187
1419004 1420004
1422518 1422856
1423661 1423892
1424560 1425147
1425215 1425375
1425554 1425643
1425893 1427721
1428169 1429273
1429952 1432676
1432977 1433768
1434670 1436761
1437266 1437980
1438643 1439096
1439562 1439741
1441456 1441913
1442546 1443853
1444044 1444495
1446165 1446452
1447851 1448500
1448778 1448850
1451800 1452944
1454524 1454654
1455032 1455342
1456438 1456835
1457023 1457116
1457677 1457858
1457947 1458066
1459341 1460401
1462270 1464041
1464429 1467985
1469501 1469633
1470526 1470655
1470873 1470968
1471604 1484138
1484330 1485527
1485631 1485885
1486045 1495126
1495204 1495412
1495829 1496120
1497003 1497205
1497654 1497769
1497997 1500057
1500154 1500409
1501337 1514620
1515062 1515204
1515369 1521480
1521665 1525754
1525929 1527101
1527920 1530116
1530261 1532140
1532325 1532685
1533001 1535781
1535896 1538285
1538486 1538848
1539805 1540369
1540810 1541187
1541293 1549279
1549879 1550711
1550788 1550865
1550946 1551761
1551916 1552642
1552768 1552941
1553055 1555231
1556744 1559162
1559300 1563419
1563724 1565011
1565086 1567038
1567274 1568008
1568605 1570587
1572133 1572729
1572886 1574792
1575047 1575131
1575273 1575981
1576707 1577914
1579301 1580459
1580706 1582939
1583097 1585478
1586022 1586523
1586831 1587423
1587495 1592560
1594427 1594637
1595091 1600892
1601214 1604400
1604604 1605161
1606024 1606282
1606672 1607103
1607234 1608497
1608735 1609416
1609607 1613836
1614290 1615153
1615821 1616384
1616697 1617011
1618106 1618217
1618811 1618915
Tb927_07_v5.1
1 510
3124 3180
3731 3917
5416 5642
7353 7419
8628 8686
9636 11495
11890 12132
13078 13193
15258 25040
25581 25764
25910 26676
27657 27823
28758 28938
29469 29813
31076 33400
40463 40643
64919 72954
73833 77537
78863 80022
80852 81044
95529 96752
110044 110570
116342 116657
117495 118420
128010 128192
139832 140134
148645 148708
184777 185592
229944 230206
231085 231821
232956 234905
290386 291699
292257 292554
347713 347917
429044 430056
465153 471890
473234 513544
524779 525376
526041 526325
527056 527145
548047 568638
599997 600432
600510 601054
622109 622230
623571 625272
627926 628167
677489 677685
678316 678824
681268 681542
682139 682269
728914 735196
735198 739595
837035 839734
860259 860385
861309 863424
864012 864387
865467 869275
891806 893089
964259 964527
972325 972375
984078 984140
998572 1001783
1043098 1044181
1044524 1044660
1045046 1045107
1045199 1045261
1045363 1045773
1099797 1102503
1125111 1125171
1125960 1126404
1130435 1134037
1136575 1136704
1138181 1138496
1157597 1158973
1218105 1218708
1286972 1287546
1289282 1289895
1297040 1297317
1297958 1308398
1309310 1324598
1325667 1326296
1330925 1331084
1332259 1333070
1337414 1337581
1347047 1347314
1352246 1353793
1362456 1362625
1393831 1393989
1401323 1401482
1407171 1407569
1410805 1410988
1415536 1416319
1417414 1417569
1418769 1418996
1421645 1421718
1422861 1423078
1423499 1423670
1424065 1424437
1424518 1424664
1424835 1424958
1425032 1425098
1425731 1425802
1426176 1426401
1433009 1433177
1436317 1436411
1450338 1450594
1452120 1452858
1453497 1456390
1457251 1457792
1463000 1463905
1471156 1471316
1472192 1472392
1475053 1475228
1484242 1484485
1485363 1485518
1488580 1488739
1497473 1497671
1500235 1500624
1503517 1504013
1508874 1509088
1509660 1509852
1514265 1514464
1521041 1521248
1522914 1523100
1523983 1524159
1527115 1527280
1531783 1531964
1540251 1540578
1542170 1542379
1568490 1568561
1585501 1585594
1587146 1587239
1590253 1591527
1592608 1594578
1599230 1600882
1601699 1601895
1602622 1606610
1608441 1615006
1615929 1617513
1618666 1620801
1625748 1630810
1632431 1636153
1637071 1646718
1649340 1652018
1652672 1653089
1653582 1656284
1657247 1657496
1665448 1665519
1666238 1668491
1669237 1669308
1721438 1721616
1759651 1759827
1763353 1763590
1765884 1766725
1773237 1773362
1780248 1780334
1783157 1783247
1784091 1786094
1786316 1790335
1790860 1791751
1792716 1792808
1794094 1794401
1795447 1797537
1797647 1798520
1799391 1802324
1803078 1803546
1889842 1892639
1906341 1906437
1909367 1909597
1917873 1919371
1920898 1921061
1926390 1926560
1928781 1929086
1930175 1931500
1931628 1931884
1935222 1935368
1937236 1949963
1950029 1955789
1957050 1961326
2024763 2024823
2060036 2062781
2087509 2087701
2125167 2127451
2149088 2149452
2151137 2151437
2158264 2158462
2177157 2179531
2180241 2183109
2183758 2184579
2185193 2188828
2190222 2193588
2196540 2197635
2197800 2202101
2202218 2204200
Tb927_08_v5.1
4994 5207
12710 13100
13800 17107
19852 20014
23614 23785
26240 26795
27731 28376
32370 33228
33570 33871
34658 35146
36009 36974
38426 38533
45313 46134
47604 47778
49185 49255
49360 49667
49859 50103
50827 51327
51399 51836
53185 55990
56512 58175
59552 60161
60677 61243
65603 65809
67069 67207
69169 69370
74611 75261
76194 76531
77554 78219
83161 83266
84384 84707
85042 85123
86314 86536
87911 88792
88890 89345
90372 90518
91297 92206
93776 94067
95825 96651
101714 102000
105871 106302
109948 110087
112154 112614
114072 114251
114916 114984
116587 116708
121114 123207
125120 125429
126045 126377
128243 132708
136948 137160
137747 137977
141568 141788
142656 144663
144741 145165
206946 207092
208708 208873
210224 210516
257040 257411
259152 259377
264316 264735
267124 267237
279415 279496
279885 280118
280381 280451
280578 280645
281926 282045
282233 282342
282521 282599
297490 307885
309197 309568
370203 372507
376437 382612
386121 386894
453834 458989
458991 459897
459899 459987
460048 460356
461873 463350
512595 512661
533560 536995
537223 543640
549840 551022
551134 551440
653576 654445
655617 657530
691370 691630
692209 696660
744070 744227
830634 830996
833510 833827
837742 837899
845038 846263
854808 854934
862641 863156
881788 887940
934048 934312
951493 951692
992669 992854
1036207 1036470
1036748 1038667
1039980 1044725
1051733 1051940
1054997 1055204
1061439 1062464
1085107 1085188
1085917 1087578
1088832 1090758
1092373 1093621
1094539 1094626
1101779 1101937
1103096 1103246
1133675 1133837
1136015 1136214
1152612 1155186
1157689 1158172
1158424 1160182
1160721 1161347
1161900 1164224
1173827 1175688
1176845 1177402
1180997 1181297
1190244 1190430
1195079 1196147
1198782 1200352
1202240 1203348
1207969 1211820
1213044 1217937
1218875 1219899
1237097 1237257
1238201 1238799
1239047 1239141
1240103 1240155
1240419 1240483
1240615 1240765
1242498 1242561
1242889 1242959
1247864 1247956
1344671 1344728
1344880 1344956
1345261 1345416
1380193 1386095
1387521 1393484
1407266 1409479
1410668 1411461
1465935 1467216
1474876 1483005
1523132 1523658
1524146 1524206
1524774 1524913
1525425 1525475
1537620 1537791
1538386 1538611
1613347 1614047
1617406 1619104
1619605 1620552
1853000 1853452
1892575 1892951
1894268 1895291
1900362 1900865
1914032 1914162
1921577 1921628
1921787 1921844
1922594 1923028
1942713 1943263
1944392 1944682
1945411 1946193
1947096 1948567
1953628 1954138
1955238 1955748
1998003 1998063
1999315 2007623
2008191 2008952
2012825 2013587
2027075 2028797
2038299 2038421
2051560 2051685
2051988 2052132
2052248 2052879
2057704 2058333
2059406 2059941
2061009 2061470
2078388 2078788
2084637 2085190
2097648 2101757
2106761 2109479
2127181 2127405
2129125 2135926
2137784 2141487
2150507 2150730
2162603 2162890
2170932 2173289
2187238 2187858
2189542 2190080
2190899 2191270
2194863 2205261
2206147 2206462
2207212 2208526
2209208 2209534
2210595 2212062
2213620 2217587
2230784 2231789
2233033 2233103
2233913 2236556
2237484 2238627
2261448 2261504
2276695 2277287
2277406 2277731
2277801 2278562
2284529 2284825
2294888 2295015
2299772 2312724
2313946 2315260
2315893 2316057
2316097 2316262
2316264 2321529
2321934 2322200
2322310 2327009
2328322 2334869
2335767 2336956
2352023 2354164
2377923 2378201
2378986 2379450
2379606 2379733
2379816 2379874
2388336 2388725
2390106 2390727
2391744 2392704
2394749 2396165
2397309 2397824
2412200 2412433
2417411 2418147
2419577 2425322
2427546 2428061
2429650 2430251
2430875 2435782
2435928 2436828
2437918 2438473
2439699 2442885
2443978 2444901
2467244 2467988
2474060 2474198
Tb927_09_v5.1
1 173
637 743
1862 2384
2653 2798
2864 3402
3643 4157
4242 4327
4469 5542
5856 18769
19026 21063
21141 25623
25771 26748
26857 26990
27193 28833
29325 29451
29595 29929
30112 30166
30715 33033
34540 34620
34795 34881
34965 37313
37413 37732
38691 38901
39678 41077
41371 41943
42391 44031
45376 45426
46149 53813
54011 54437
54580 54765
56072 56973
63062 63312
63525 63730
63808 64944
66255 67548
68506 68922
69175 76392
76596 76881
77290 78158
78434 84678
84844 85112
86019 86990
87088 87473
91650 91762
97718 98862
98994 99210
103925 104013
104390 104727
108499 108832
109353 109615
110485 110584
110680 110792
110870 111014
111826 113295
113688 113821
114950 115385
115457 116317
124013 125738
127895 128327
128870 130141
130787 132189
132379 133984
134084 134881
135363 135675
136556 137343
137424 137833
138160 141798
142164 142224
142930 143942
144568 146529
146663 146783
146882 147203
147517 152632
152813 154610
155212 155524
156141 157264
158050 159654
163645 165554
165656 166107
166588 166767
167319 167503
167573 171784
171954 173645
175057 175234
175316 175366
175453 176970
177215 177297
177440 179118
179699 182021
182488 184630
185270 186257
186443 186781
187088 188605
188856 189621
189729 189950
190028 190163
192951 193440
195918 196177
198591 199195
203204 204984
205615 206249
207039 207824
207898 211915
213280 213476
213554 221186
221273 221804
222351 224315
224514 225275
225426 226576
226676 227295
228521 228579
228807 229357
230638 231754
231847 232083
232693 232795
233590 234433
235254 236222
237222 238279
238586 239264
239516 249148
249656 256033
257140 257337
257484 257769
257841 258726
259515 259679
259940 260142
261258 262498
263607 265297
265579 269389
270208 270349
271102 272017
272412 272481
272984 273294
274096 274302
274576 275046
275166 276435
279590 279764
279834 282822
283030 283678
283784 284254
284386 286619
287286 290415
290533 293694
293777 295579
295809 297570
297642 298641
299072 306746
308259 308437
309889 310672
311390 312269
312709 313106
313209 313635
314585 314928
315121 316647
317339 317400
319040 320055
323071 324279
325053 325177
327896 328107
333649 333827
334347 334663
335245 335493
337754 338583
340996 341221
352306 352633
376169 377196
440593 443190
470956 471079
471790 473272
473856 474190
515369 515567
534451 556241
609452 631223
631430 650229
650369 651671
666669 666977
689512 689802
690968 692560
743855 745048
764421 764661
766019 766572
769755 772428
773137 777635
779308 779861
786819 787187
787311 787383
788027 788127
788639 788710
789093 789526
799472 803459
866780 866963
868053 868277
904295 904926
905456 906148
1008509 1011593
1029569 1030448
1033387 1034201
1042500 1043007
1044516 1048660
1115205 1115365
1121410 1121728
1122726 1123478
1153507 1153824
1185966 1191219
1191290 1192565
1192684 1195804
1196802 1197657
1198533 1198726
1199558 1200855
1201576 1201748
1202208 1204221
1204317 1204483
1206099 1221587
1225971 1226192
1226706 1226788
1227190 1227310
1227430 1227985
1287710 1321771
1349936 1350029
1366569 1366764
1373528 1374136
1426726 1428158
1432916 1434822
1480792 1480929
1490087 1490491
1490888 1491001
1491815 1491890
1493283 1493381
1499605 1501477
1502368 1504137
1504920 1505827
1517425 1517606
1585413 1585545
1621171 1621303
1673276 1686246
1723767 1723911
1751692 1752371
1771230 1771964
1809581 1809861
1836670 1838250
1907680 1908104
1917279 1918525
1967045 1973401
1975222 1982376
1984211 1985878
2084898 2085610
2090024 2090396
2098538 2099151
2117835 2117906
2123681 2123832
2171420 2174915
2178596 2181115
2183466 2183550
2183765 2183816
2183929 2183997
2185301 2185466
2186325 2186476
2186597 2186667
2197690 2197934
2203687 2203837
2211530 2211932
2265000 2266531
2266609 2267068
2268045 2270126
2270630 2271452
2272314 2272504
2284059 2286612
2289516 2290985
2293936 2301967
2302579 2336475
2359199 2359992
2376222 2376329
2387617 2387747
2415509 2415722
2418987 2419114
2419384 2419456
2421422 2425213
2425284 2425438
2425526 2429722
2430588 2435649
2436664 2440610
2441739 2441832
2442031 2445074
2456174 2501909
2502109 2503193
2503366 2503550
2503652 2503946
2504044 2505166
2505352 2505408
2505566 2505623
2506105 2506162
2506572 2506623
2507071 2507127
2507763 2507948
2508101 2508163
2508360 2508815
2514288 2519705
2520249 2520346
2524971 2527056
2527591 2538577
2539506 2539979
2540757 2542108
2542670 2542964
2543725 2546517
2546696 2551888
2552700 2552799
2552947 2555528
2555712 2556203
2557247 2559418
2560012 2588383
2592903 2612488
2612637 2625797
2625902 2626486
2626721 2631555
2631790 2632015
2632894 2638110
2638499 2646130
2649215 2654731
2655565 2655886
2656137 2656533
2656618 2656687
2656915 2657000
2657250 2662248
2662911 2662971
2663099 2664342
2664416 2664830
2665175 2665603
2665674 2666163
2666431 2676223
2676493 2678205
2678621 2678963
2679053 2679265
2679455 2680254
2680432 2688748
2688889 2691659
2691814 2698283
2698401 2698695
2699068 2704534
2704657 2704773
2704850 2715742
2715985 2719737
2719970 2722467
2722858 2722966
2723796 2725428
2726802 2728592
2729112 2729322
2729399 2729511
2729921 2731943
2732341 2745052
2745622 2749805
2752615 2756525
2757344 2757767
2757909 2757995
2758203 2759072
2760136 2768107
2768496 2770395
2770695 2771605
2771677 2771833
2771948 2772320
2772410 2773957
2774024 2774637
2774920 2776030
2776292 2777463
2777546 2777754
2777885 2779047
2780564 2780789
2781426 2782344
2782508 2783328
2783637 2787052
2787388 2789026
2789479 2800039
2800677 2801225
2801306 2806356
2806482 2810860
2810942 2815630
2815822 2815911
2816061 2817528
2817641 2820826
2821545 2821669
2822009 2823841
2823966 2824955
2825641 2828238
2828307 2828524
2828974 2829226
2829514 2830392
2830722 2832470
2832709 2834868
2835608 2844201
2845347 2849621
2849733 2850060
2850248 2853770
2854185 2863103
2863327 2870435
2870751 2873108
2873206 2887556
2887838 2888786
2889554 2894011
2894124 2895483
2895752 2896671
2896772 2901298
2901668 2901963
2902393 2902523
2902626 2904192
2904666 2905179
2905261 2905813
2906075 2909276
2909358 2916285
2916933 2917784
2918507 2918569
2918672 2919634
2921413 2921617
2921862 2923243
2926743 2927043
2927285 2928778
2928856 2929983
2930060 2930774
2931042 2933862
2934368 2934850
2935013 2935693
2935797 2936126
2936641 2941010
2941259 2945859
2946103 2949285
2949487 2949699
2949984 2954340
2954511 2966097
2966208 2966345
2966743 2966814
2968193 2968632
2969011 2969913
2970381 2972202
2972326 2977554
2977972 2979759
2980002 2980165
2980249 2997026
2997121 2998404
2999795 3001033
3002643 3003974
3004266 3004360
3005195 3005351
3006641 3008251
3008677 3009515
3009583 3011172
3012254 3017374
3017568 3018409
3021369 3021606
3023845 3025768
3028781 3028910
3030088 3030484
3034237 3037170
3037556 3038026
3038728 3039019
3039152 3040043
3040343 3041089
3041258 3041685
3041810 3042320
3042413 3042880
3043536 3044583
3045536 3046105
3046386 3049244
3050202 3050303
3050398 3050970
3065452 3066249
3067200 3068923
3069071 3070865
3070939 3072357
3073974 3076348
3076435 3076779
3077109 3077216
3077330 3079441
3080095 3085256
3085399 3096704
3096777 3097181
3097697 3100243
3100386 3103975
3105559 3106268
3107239 3107428
3107983 3108065
3108517 3108605
3108826 3118436
3120117 3134149
3134577 3134699
3134809 3146215
3146399 3148035
3148320 3149226
3150280 3150698
3151004 3156170
3156250 3162855
3163493 3164008
3164239 3170381
3170455 3178474
3178977 3181700
3188876 3188931
3189043 3189315
3189393 3191197
3191422 3193210
3193279 3193400
3193478 3193568
3193829 3194281
3194352 3201397
3202586 3205404
3207341 3207900
3208630 3209383
3209506 3210646
3211804 3211908
3212775 3213716
3213852 3214203
3219355 3219449
3220291 3221807
3222330 3222391
3222522 3225837
3225935 3226100
3227100 3227168
3227294 3228769
3229802 3231606
3231686 3232854
3233021 3235846
3236656 3237102
3238180 3239864
3240413 3240579
3241432 3241488
3242820 3243352
3243649 3243884
3246668 3246964
3247748 3248672
3251007 3251432
3253086 3254161
3254347 3254429
3254846 3255994
3256430 3256701
3256916 3257434
3257803 3258930
3259593 3270156
3270264 3273371
3275464 3275670
3277470 3278375
3278902 3280077
3280228 3288133
3289553 3290275
3294441 3294624
3294710 3295046
3295229 3295382
3295646 3297774
3297852 3298565
3298780 3298856
3299290 3300661
3300738 3301977
3302055 3302519
3303069 3307794
3307862 3308713
3309019 3310421
3312647 3313168
3328063 3339712
3339899 3340264
3340609 3340903
3343578 3346803
3348064 3350343
3354916 3355401
3358486 3358651
3358957 3359047
3359206 3360500
3360850 3364797
3365193 3371603
3371852 3373801
3373969 3382876
3384408 3385942
3386909 3387164
3387867 3395602
3396299 3397909
3403756 3403910
3405749 3408985
3409122 3409521
3410006 3411833
3412954 3415795
3416456 3424927
3425273 3428916
3429510 3431961
3432783 3442248
3442330 3446517
3450615 3450847
3451364 3451549
3451722 3451865
3453180 3453288
3454957 3455055
3455420 3457042
3457653 3457727
3457812 3457902
3458320 3459033
3460166 3460644
3460855 3461288
3461358 3461508
3461617 3461862
3462655 3462733
3463112 3466295
3467406 3468835
3468916 3473087
3473649 3478645
3478729 3478863
3478942 3479430
3480695 3480796
3481100 3481684
3483284 3483860
3484182 3484303
3484404 3484916
3485151 3493639
3493717 3501425
3502923 3504242
3504347 3505267
3505723 3505934
3507318 3508712
3509088 3519175
3519331 3521254
3521478 3527148
3527621 3528250
3528354 3528632
3528982 3529226
3529711 3530242
3530846 3530911
3531044 3542120
3542200 3542326
3542407 3542885
Tb927_10_v5.1
1 627
704 903
1250 4544
4630 5714
5807 15303
16566 17408
17530 17730
17808 17907
18056 24812
24987 25405
26006 32311
32654 32902
33379 33503
33791 39951
40306 40973
41687 43833
44367 45719
45992 54937
55068 55412
55556 55791
55895 56653
57432 57662
57910 57992
58313 59896
60868 63165
66592 67061
70051 70529
79494 80353
117755 119223
128938 129015
129767 130510
140313 140746
147325 147430
152948 153124
157105 157920
159746 160188
169971 170235
171634 171826
178751 178923
180656 180756
185372 185614
203450 203548
204777 205102
224389 224466
227649 228086
239945 241238
243518 244560
259996 260190
277923 278621
279182 281541
282907 284092
328888 329707
330763 331311
344172 344435
361580 362009
368228 369404
370963 371221
375637 375802
380375 385223
394719 395087
449767 451974
472400 473174
546922 551203
567058 567271
570074 570806
597976 598211
615428 615929
617651 617788
620310 620565
624073 624406
627129 627348
632105 632171
632507 632581
636645 636945
643260 643486
649995 650207
655577 655775
664189 664366
669347 670009
677185 677353
693771 693982
731195 731350
793059 795634
799431 801018
879324 879388
885382 885436
1054111 1054694
1127158 1128312
1135193 1140018
1164084 1166594
1203737 1204035
1204620 1204875
1206830 1207084
1233313 1234722
1244972 1245228
1268646 1268852
1268963 1269081
1269175 1269254
1269418 1269518
1272500 1272908
1274059 1274202
1274678 1274741
1333134 1333439
1405463 1406003
1420768 1422041
1438902 1438978
1487615 1488298
1489535 1492439
1617305 1617530
1647874 1649708
1695491 1701199
1702007 1703434
1703942 1704921
1732331 1734241
1737984 1742092
1749460 1752124
1756380 1760168
1786278 1786843
1800805 1801920
1805911 1808225
1851408 1851687
2093502 2104937
2106496 2117417
2127940 2129349
2157961 2158075
2176437 2176541
2305364 2305482
2343012 2345599
2353426 2353601
2440807 2441048
2517543 2517999
2518465 2519414
2520054 2520703
2522227 2522402
2523698 2532822
2549283 2558167
2571386 2577654
2578279 2585450
2621164 2621267
2642986 2643379
2644406 2645066
2654636 2657689
2660237 2682331
2700955 2707202
2784945 2785888
2843939 2844383
2845072 2845161
2847803 2848703
2873517 2873813
2896769 2897080
2924613 2924931
3027910 3028060
3033312 3037417
3053481 3053618
3067982 3068067
3068387 3068464
3068714 3068769
3068852 3069026
3069111 3069278
3069441 3069634
3071673 3071890
3080511 3080695
3104398 3104722
3109426 3110278
3169542 3170183
3170663 3170799
3171027 3171866
3268635 3269307
3274132 3275013
3313845 3321317
3344656 3349361
3361983 3362039
3398282 3399163
3427992 3428386
3436725 3436856
3441880 3442067
3443676 3443863
3464229 3464987
3557025 3557150
3557481 3557535
3557659 3557708
3558069 3558672
3559562 3559613
3559847 3559896
3560341 3560451
3560762 3562733
3575262 3575912
3580177 3583115
3612301 3614983
3620929 3621248
3622907 3623003
3652253 3652326
3675794 3675858
3676273 3676394
3679918 3680086
3690421 3692134
3726057 3726400
3728317 3728482
3743196 3743352
3743502 3743555
3744552 3744681
3745331 3745425
3747591 3747642
3748846 3748901
3749017 3749069
3749311 3749391
3749609 3749686
3749963 3750065
3750163 3750274
3750393 3750498
3750682 3751104
3751192 3751253
3751414 3751468
3752306 3752392
3752480 3752613
3755500 3755639
3756266 3756784
3756912 3756970
3757051 3757133
3757245 3757623
3757809 3757902
3758893 3758981
3759299 3759508
3760011 3760476
3760934 3761480
3761840 3762223
3807696 3807856
3831674 3831922
3848810 3849023
3855622 3860661
3861276 3862496
3881921 3883051
3883887 3886569
3890635 3893652
3937453 3937878
3941436 3941780
3945024 3945607
3946386 3948231
3964756 3964954
3977538 3979282
3979821 3980896
3982190 3982698
3984000 3985627
3985823 3988676
3988755 4015274
4015879 4015934
4016295 4018390
4018523 4019706
4019854 4020629
4021867 4023736
4025191 4025815
4026070 4026768
4026960 4027648
4027732 4028263
4028542 4028656
4032638 4033069
4035290 4045276
4046391 4047225
4047895 4048518
4048717 4048982
4049059 4051543
4052021 4052661
4052765 4054825
4055832 4056213
4057218 4057347
4057500 4060100
4060350 4060495
4060826 4061741
4061832 4064253
4064894 4067528
4068403 4072271
4072582 4073428
4073509 4074754
4074923 4075042
4075283 4075444
4075695 4076110
4076381 4076614
4077733 4077883
4078280 4078360
4078594 4079181
4079884 4080390
4080889 4081153
4082641 4082835
4082931 4083390
4083613 4088471
4088613 4089363
4089823 4090762
4090852 4091237
4092831 4093341
4094977 4095148
4096662 4097556
4099183 4101426
4102082 4102355
4102759 4103208
4103726 4103842
4105860 4106147
4106256 4109376
4110119 4110238
4112983 4114180
4114607 4119211
4120033 4121990
4122639 4122762
4122902 4124741
4124835 4132480
4132570 4138778
4138851 4139094
4139198 4139338
4139407 4139788
4140086 4140609
4140738 4140907
4140973 4141211
4141283 4144177
4144301 4144375
Tb927_11_v5.1
1 932
1010 1116
1566 1809
1906 2028
2132 3089
3540 4929
4996 5704
6045 6142
6316 6565
8295 10011
10098 24206
24755 25041
26080 30969
32801 34208
37007 37061
71483 71648
120314 120704
120952 121046
121862 123831
125566 126425
127029 127533
128356 128497
131332 131548
132116 133071
133608 133673
170943 173846
176978 178979
179604 181387
182055 182222
185151 185436
208166 208295
250358 250743
279319 282104
284512 296579
296680 312123
313157 314017
318848 319057
321616 322067
323675 323921
329153 329257
444647 445082
445633 447807
447909 449572
451874 452372
453565 454219
456422 457109
457454 457552
458504 460507
460882 461663
462605 463986
464539 466941
467043 467269
467989 468714
468816 468896
476133 481979
537410 538845
552736 554433
559817 560076
567313 567579
583942 584110
652838 654877
690846 692533
693205 696093
696356 697712
697790 698093
701886 702507
753942 754110
763374 763707
807904 808218
837619 837673
850391 850561
851508 851687
854867 855113
967900 968720
970192 970681
970765 970817
971071 971400
1064357 1065723
1066298 1067248
1068169 1072201
1095286 1095600
1118970 1119391
1191312 1191627
1196469 1200591
1202746 1203343
1204287 1204483
1254015 1254256
1273173 1273368
1299371 1299576
1330265 1330325
1330539 1330626
1331115 1331254
1331325 1331465
1331866 1331974
1332070 1332128
1332336 1333090
1364896 1366189
1367770 1367951
1369056 1370995
1372245 1377281
1682273 1682419
1683873 1684488
1858166 1858500
1862417 1862665
1936615 1936930
1938302 1938548
1971625 1972261
1972450 1972512
1983638 1984899
2047193 2047590
2110588 2111847
2117851 2120059
2150961 2151694
2152432 2152507
2154983 2156266
2156383 2158676
2158776 2161485
2161764 2162427
2162514 2164125
2164273 2164428
2164544 2164841
2165745 2172014
2185583 2185676
2186686 2188306
2190021 2195426
2195548 2196286
2196472 2199381
2210641 2210755
2211568 2211931
2212060 2212137
2212542 2212941
2213168 2213372
2246622 2248108
2349674 2350933
2371659 2371859
2373219 2373381
2376488 2385396
2386531 2390968
2392214 2392460
2393233 2397045
2428523 2434448
2470095 2476939
2477923 2478744
2542164 2542582
2543954 2544184
2565000 2565161
2566119 2566308
2633099 2633555
2634859 2635069
2675278 2677153
2756322 2756884
2843309 2849047
2894298 2894485
2911257 2912434
2927253 2929100
2967652 2970412
2970668 2970727
2972018 2972269
2972690 2974191
3020954 3021400
3028747 3030765
3045455 3046898
3073683 3073886
3075888 3076405
3093297 3094701
3097748 3099745
3112163 3116317
3145298 3145501
3214584 3217842
3240002 3240067
3241132 3241277
3246721 3247038
3315681 3316681
3317584 3317709
3318214 3318314
3318721 3318807
3319178 3319244
3320257 3320308
3321287 3321512
3369312 3369443
3409991 3410119
3422135 3429485
3431143 3431341
3473052 3473229
3485530 3488375
3497067 3498466
3513221 3513556
3514629 3516202
3530713 3530953
3531444 3532517
3532629 3533395
3584288 3584484
3709574 3710166
3725605 3726062
3740497 3740652
3776020 3776269
3776961 3777490
3777611 3777680
3777888 3777947
3778758 3778832
3779512 3779572
3779652 3779721
3780348 3780586
3781373 3781688
3782482 3782533
3783179 3783272
3783450 3783509
3784039 3784121
3784532 3785151
3785822 3786167
3805899 3806058
3851252 3852673
3877774 3878101
3881598 3883881
3992168 3992373
4013322 4013390
4013683 4014067
4014157 4015006
4025732 4026007
4030461 4030568
4063435 4063618
4083764 4084007
4084109 4084310
4102971 4107455
4115845 4116325
4127194 4127319
4137877 4138044
4194503 4196816
4199997 4201354
4206014 4206452
4221990 4222431
4223935 4225018
4268788 4268993
4281000 4282080
4286948 4287703
4320427 4320970
4383142 4383265
4383393 4383487
4384004 4384112
4384243 4384448
4384811 4384957
4385032 4385165
4385264 4385318
4385438 4385524
4386292 4388065
4463627 4463895
4464565 4464684
4465046 4465102
4465458 4465659
4477065 4477711
4478435 4478572
4498533 4498631
4502093 4502332
4504225 4504310
4505506 4506593
4551023 4551782
4552848 4555633
4556565 4556745
4557954 4558462
4559012 4565206
4566401 4567385
4567464 4567536
4568118 4568360
4572316 4589587
4591026 4592350
4593082 4593323
4594154 4594218
4594338 4609009
4609291 4609712
4611327 4611589
4616844 4617456
4624726 4625046
4627151 4627480
4628431 4630399
4631192 4632867
4634070 4640485
4647163 4655840
4655943 4672019
4672099 4674367
4674461 4675578
4676265 4676422
4676500 4676733
4676880 4677640
4677762 4679452
4679699 4679907
4679976 4680887
4681674 4681752
4682295 4690088
4690357 4696078
4696326 4696737
4696831 4696992
4697209 4697303
4697552 4697781
4699567 4699678
4699844 4700489
4701513 4701698
4703389 4703558
4704085 4705183
4705396 4706267
4706986 4707626
4708080 4708200
4708815 4715841
4717117 4717360
4717451 4721230
4728976 4733782
4733989 4734665
4735970 4736291
4737056 4742665
4742744 4747062
4747164 4747913
4748364 4749026
4749116 4751200
4754240 4755336
4756265 4757036
4758621 4759843
4760179 4760281
4760506 4760562
4760642 4760865
4761179 4761315
4762522 4763189
4763926 4764187
4764558 4764723
4764969 4765306
4765490 4766473
4767084 4767169
4767242 4767812
4768025 4772086
4772377 4774016
4774100 4778379
4779100 4779362
4781642 4782409
4785325 4786822
4786993 4787952
4788698 4789143
4791272 4791585
4793273 4793709
4793810 4794759
4794938 4795351
4796770 4796844
4797051 4797288
4797447 4797982
4798831 4798890
4801801 4801954
4802127 4803108
4804354 4804594
4805415 4805476
4805787 4806156
4806864 4807043
4809831 4810301
4810815 4811661
4813521 4813601
4814423 4815747
4815828 4816190
4816640 4816801
4817039 4818524
4818651 4819107
4819271 4819422
4819608 4820168
4821435 4821714
4822268 4822572
4825073 4826194
4827162 4827648
4828400 4831576
4831784 4832311
4834243 4834686
4836786 4837674
4838054 4838172
4838260 4838675
4839114 4839181
4840509 4840850
4841417 4841635
4841841 4842406
4842627 4843023
4843610 4843908
4844749 4845014
4847014 4847707
4848597 4849838
4850061 4850466
4850826 4851076
4855285 4855506
4858734 4858969
4865886 4865983
4866169 4866309
4866431 4866511
4866596 4867874
4868978 4869489
4874281 4874396
4875455 4875730
4876471 4885424
4885553 4886132
4891245 4891530
4891806 4891945
4899737 4899854
4900367 4902825
4903008 4904535
4906168 4907464
4908249 4908445
4908598 4908740
4912468 4912529
4912649 4912954
4913143 4913836
4915154 4915348
4918950 4919123
4931149 4933336
4933480 4933576
4934054 4934248
4934404 4934631
4936091 4936717
4938682 4940103
4940210 4940299
4942461 4943324
4943796 4944789
4944911 4950750
4950853 4959137
4959357 4960348
4960435 4961031
4961151 4969079
4969262 4971533
4971975 4972172
4972318 4972563
4973907 4973959
4974516 4974854
4974938 4975018
4975750 4976130
4976607 4977550
4978644 4980212
4980414 4986571
4986752 4987470
4987582 4987981
4988155 4989394
4992922 4994676
4995361 4996205
4998370 5000658
5002130 5002316
5003297 5004719
5004925 5006132
5007673 5008009
5008500 5012508
5012585 5013067
5013206 5013416
5013488 5017700
5017943 5018386
5019593 5019701
5019855 5021060
5021957 5025612
5025772 5030611
5030689 5031722
5032096 5034217
5034341 5034933
5035203 5037290
5037419 5037978
5039588 5039719
5040598 5042190
5043489 5043719
5044084 5057181
5057366 5057675
5057765 5062800
5064597 5065064
5065893 5069094
5071098 5071662
5075874 5076721
5077368 5079174
5079681 5093482
5098794 5102843
5108836 5108895
5109420 5109512
5109933 5110159
5111959 5112426
5113551 5113764
5114018 5117006
5117318 5118680
5130335 5139726
5139976 5140312
5141174 5191318
5191881 5192178
5192952 5193785
5194098 5194205
5194637 5197885
5198118 5198175
5198445 5199467
5199469 5199715
5199797 5199890
5200134 5200241
5200320 5200540
5200615 5200940
5201036 5201106
5201236 5201300
5201460 5201520
5201606 5201919
5202084 5202764
5202852 5203050
5205665 5223313
Tb927_11_LH_fork_v5.1
1 14430
Tb927_11_RH_fork_v5.1
1 98
1497 2698
3263 3984
5134 6087
6592 15959
19054 19438
19529 21575
21934 34350
34672 37059
37300 39346
39521 40365
40657 41123
41399 44290
44394 45141
45251 48610
48856 49148
49291 51437
51983 53957
54028 59069
59194 61437
63132 63918
64037 66733
66942 68068
68554 73351
73552 76647
76816 97850
97931 106224
106627 107119
107856 108023
108676 115282
115373 116204
116274 118054
119948 120797
121745 122188
122328 122461
123019 124485
127808 128690
133207 135876
136705 136873
137695 138028
138763 139534
139939 142388
142967 144950
145344 145932
147041 147346
149165 149405
149657 151190
151345 163311
163642 171300
173042 173191
173275 175264
175703 176007
176131 189157
189581 191610
191945 206897
207324 209631
209920 215603
215740 217366
217559 217797
218610 220222
220337 221905
224203 225017
225384 225928
226577 226721
227945 228826
228980 237682
237805 238710
238806 245430
245787 246711
247133 247958
248104 249035
250364 250465
250815 276463
276608 277042
277369 277702
277768 278250
278485 278781
279106 279699
279952 280101
282515 286024
286390 287283
287782 289518
289655 300132
301220 301700
302248 302404
304020 304722
305127 306007
307447 308367
308830 309704
311169 312475
312569 316140
316923 317136
317861 318974
319123 320195
321369 321536
325210 327765
328233 329997
332408 333113
333324 333635
337970 338320
340152 342495
342598 344329
344400 344726
344816 347112
347241 352559
352906 353283
353589 354711
355636 355745
357415 357664
358193 358806
361418 361780
363685 363901
367337 367776
367862 368120
369647 369700
370151 371255
371630 372025
372915 373779
379373 379654
379863 380244
381691 381774
382463 384045
384941 385143
386528 386700
387331 388491
389119 392091
392247 392949
393152 394143
394419 394683
395786 397604
397867 398160
398270 405873
406364 411040
411479 415112
415188 426230
426890 429366
429465 430182
430267 430409
430475 430666
430848 431076
431148 431265
431375 431490
431591 434507
435179 440232
440413 441919
442088 444052
444965 447293
448292 450098
452172 453067
455320 455393
455988 456727
458958 459079
459639 460024
460160 460975
461160 466102
469991 470166
471360 471509
471919 473274
474121 474710
475474 475817
479613 479792
483337 483394
486958 487354
487439 488002
488722 488958
489344 489602
489686 490158
490397 492177
493974 495612
496252 497418
499138 499324
499735 499808
500594 501260
501356 502965
503429 504808
506565 506710
506858 506963
507035 508171
508585 509530
509645 509791
509967 511370
511565 511706
511843 512886
513200 516913
520013 523341
524401 524734
524858 525826
526519 526629
536533 537119
538946 539470
545946 546084
546688 548139
553108 554373
555649 556003
556334 556448
557605 557794
559836 560259
561235 561287
561356 561506
561771 580592
580770 592029
592120 604984
606090 610667
610921 611063
611184 613953
614028 614141
614226 614637
615156 620077
620156 623592
623691 624908
625337 625884
628332 631407
631723 632127
632296 635972
636103 636814
637467 644455
644530 646939
647276 652548
652680 654494
655843 666341
666485 668228
668486 668834
671327 673661
675479 675664
676002 678683
681096 684073
684209 685097
685597 686026
686705 686763
687264 687752
687912 688180
690118 704210
Tb927_11_Homologues_1_v5.1
1 1952
Tb927_11_Homologues_2_v5.1
1 1546
Tb927_11_Homologues_3_v5.1
1 2032
2558 3171
4502 4901
5188 5330
5766 12891
16852 20408
11L3_v3
1 26586
28689 28791
46861 63482
5K5_v5.1
1 36553
39341 39867
58327 59072
62089 74547
74616 75323
75564 75882
75981 76548
77293 77511
79150 79266
84585 90197
90307 90953
91056 95323
95384 95541
98296 98467
99040 99092
101010 101756
104009 106921
107919 108079
114256 115237
117015 117314
121828 121943
122498 122706
125800 132747
133089 137863
138261 138406
146216 146629
150422 150508
150690 150896
150973 151132
153557 153764
GTRYP_4071_4094_1a01.w2k4071
1 5148
5249 8503
8569 11202
11347 11443
11545 18466
TP26M21_2a10.p1k
1 7546
11198 14933
15317 15850
16055 26853
27427 39798
TP26P4_1a02.q1ka
1 1074
2100 9186
11285 12279
13222 16439
TP26P4_3b07.q1k
1 3007
3073 3823
3921 4971
5075 5234
5317 7853
8074 8285
8378 9542
9979 10665
10769 11738
11835 12824
13716 14666
15750 17108
17230 21989
22067 22117
23435 23529
24411 25464
25631 26105
26272 26360
26526 26719
26801 27619
28915 29001
36273 36436
39191 40559
41765 42200
42389 42477
43989 44634
47441 47651
48329 48631
53156 53240
53313 54863
55377 56260
TP26P4_5g04.p1k
1 7984
8077 9475
9745 11880
12134 13037
TP26P4_6c09.p1k
1 4964
5221 6220
6760 8885
10236 11688
12214 13234
13985 14194
14857 15163
15432 16240
16848 17002
17531 19078
19170 20979
21890 24078
24674 25080
TP29O12a_1b01.p1k
1 208
302 5072
7590 8594
8791 10484
10822 12230
12412 12708
12791 14130
15885 16276
16818 29117
TP3F6_6f06.p1k
1 2406
6137 26266
TP3F6_6h01.p1k
7 4404
4552 13990
TPB1C9_1a08.q1k
1 787
3213 5040
5727 11334
Tb927_11_bin_v5.1
1 6926
7785 7840
8076 16394
17184 17500
17572 17980
18758 19044
19333 19558
19668 21428
21524 21664
21824 23414
23764 24642
24942 26249
26998 27072
27571 28768
29142 32315
32861 33113
33181 45905
46596 47619
48455 49402
49890 52271
52356 52516
52785 52941
53512 56111
57461 57528
57840 58652
58826 59092
61689 66645
66838 68927
69800 71237
71311 71361
71475 74005
74095 74866
77320 80871
80968 81527
81633 83306
84656 85447
85752 89289
89529 90859
92224 92458
92825 93017
94018 95160
95550 95899
96079 97717
98606 98913
99357 100866
102055 102966
103148 105066
105315 107959
110121 110294
110822 111990
112489 112575
113120 113466
115817 115905
118316 119077
119550 120843
122543 123528
124427 124480
124906 127047
127447 128746
128819 128974
129118 129195
129274 129363
129573 210042
212039 212254
217330 217489
218927 219143
222096 222786
224443 224570
226110 226563
229698 229857
235552 237489
238177 244081
244705 258201
258302 258839
259595 325825
325926 342397
360998 367498
368270 369386
370548 388470
388571 402222
416257 417227
418477 419371
422516 427246
427750 429593
437889 442706
443314 445852
445953 446749
446751 511440
511541 538024
538026 540729
540830 569601
569702 596376
596477 597267
598725 601341
602205 604161
616670 617517
617673 617893
618053 618162
618695 621022
621123 645882
645983 661271
662686 669405
669506 672591
672716 692921
693022 701747
702812 705932
710469 710996
711077 711407
714331 714842
714908 714975
715076 720325
720705 721259
721326 721729
721840 722030
722134 729064
729134 729583
729798 732913
733014 734802
735649 735956
736139 737010
737394 739844
740812 742721
742942 743339
743709 747295
747459 747814
747990 763041
763142 770614
770616 779895
780726 782124
782216 784730
784812 786849
786933 793478
793579 798900
798979 799511
799580 799793
800537 801482
801691 806249
806251 809720
809964 810070
810240 810517
810615 816061
817450 819046
819147 831451
831453 831673
831879 842621
843438 844396
844497 846699
846777 847729
848813 851329
853378 853937
855284 855640
855842 856133
856234 871012
871495 871651
871906 877128
877229 898987
899088 909185
909286 911459
911494 916767
916981 919515
919616 923382
923549 923710
923808 924268
924376 926201
926302 927775
928048 928357
928551 928601
929079 929761
929862 929921
931003 932522
933358 939372
939473 941959
941961 949216
949317 956784
956786 958688
958789 961360
961385 961612
961714 962601
962603 968285
968386 973867
973869 976351
976396 977622
977723 987006
987107 991352
991421 996467
996568 1005484
1005585 1014424
1014525 1023667
1023768 1032684
1032785 1036515
1036536 1039563
1039565 1041600
1041701 1044068
1044070 1044365
1044372 1050392
1050493 1058675
1058758 1059050
1059137 1059195
1059284 1060969
1061056 1063454
1063566 1065339
1065571 1065808
1065929 1066899
1067627 1067790
1067891 1071698
1071769 1076526
1076627 1076833
1076835 1079791
1080352 1085008
1085109 1091639
1091740 1091910
1094155 1100103
1100204 1108393
1108494 1111474
1112700 1116547
1116648 1120969
1121145 1124725
1124826 1125662
1126998 1132949
1133050 1141100
1141201 1143462
1143472 1148889
1148990 1153894
1153908 1156507
1156608 1160009
1160163 1160443
1160524 1164159
1164260 1171899
1172000 1179533
1179535 1184860
1184901 1187006
1187107 1187856
1187858 1194494
1194595 1202028
1202129 1209394
1209495 1215922
1215924 1216105
1216134 1216886
1216987 1217339
1217360 1219446
1220635 1224614
1225356 1258441
1258903 1274400
1274402 1278805
1279100 1290861
1290863 1293268
1293382 1307238
1307240 1320870
1321164 1321352
1321539 1335883
1336428 1339361
1339363 1386706
1389373 1391659
1391661 1402126
1402128 1404825
1404893 1405568
1405570 1406377
1406462 1417191
1417193 1425646
1426258 1443899
1443991 1444514
1444739 1445124
1445326 1445767
1446668 1463152
1463271 1464110
1464334 1464713
1464890 1465203
1465302 1467462
1467667 1468182
1468309 1468567
1468657 1468908
1469183 1469541
1470042 1471164
1471394 1471887
1471889 1473244
1473322 1476393
1476396 1476486
1476519 1482680
1483105 1484587
1484589 1485581
1485583 1488541
1488608 1488866
1488868 1489593
1490405 1490699
1492749 1544981
1545082 1550567
1550571 1569763
1570157 1570616
1571232 1571915
1571920 1573464
1573466 1582796
1582798 1583277
1583999 1584085
1584458 1585965
1586720 1587839
1587842 1593902
1594548 1608779
1608794 1609313
1610208 1612837
1612839 1614074
1614076 1619836
1620020 1621931
1622080 1623465
1623546 1627843
1627845 1639526
1639528 1644175
1644177 1650151
1650163 1683730
1683748 1693092
1693094 1696384
1696386 1700892
1700894 1702069
1702137 1712439
1712441 1713688
1714708 1714855
1714965 1722027
1722029 1732211
1732213 1753260
1753882 1756207
1756228 1764437
1764451 1778324
1778326 1778391
1778393 1787650
1788181 1795528
1795537 1796794
1796796 1801489
1802075 1811390
1812374 1823674
1823676 1842504
1844486 1845190
1845390 1852597
1852599 1852948
1852950 1858601
1858632 1858875
1859489 1859955
1860387 1860879
1861002 1861216
1861364 1864238
1864980 1871954
1871982 1874799
1874970 1876997
1877755 1882719
1882852 1883049
1883266 1883379
1884376 1892945
1892948 1893004
1893006 1904680
1905236 1915466
1915637 1924514
1924516 1924600
1924602 1932574
1933773 1939901
1940108 1949390
1949392 1984635
1985394 1985586
1986422 1988223
1988225 1991067
1991070 1997858
1997860 2010203
2010205 2011654
2011656 2012392
2012585 2032596
2032984 2052192
2052225 2052494
2052496 2053444
2053929 2054269
2054412 2054927
2055156 2055320
2055455 2055733
2055851 2056919
2057027 2060210
2060220 2060951
2060962 2081310
2081505 2081660
2083571 2088149
2088389 2088556
2088694 2088785
2089513 2100091
2100520 2100572
2100933 2102247
2102841 2103935
2103943 2108156
2108670 2109341
2109894 2117345
2117743 2117885
2118032 2123015
2123044 2123636
2123638 2132079
2132176 2138983
2138985 2139690
2141124 2141674
2141790 2157235
2157237 2159012
2160912 2168629
2168938 2169091
2169248 2169341
2169746 2169951
2169953 2170099
2170101 2170932
2171651 2172420
2173161 2174663
2174665 2175557
2175559 2176438
2176558 2184368
2185250 2186811
2187052 2187194
2187333 2187964
2188270 2189551
2189553 2194553
2194555 2212365
2212742 2216868
2217413 2220726
2221621 2231033
2231035 2247156
2247159 2258359
2258379 2264753
2264755 2269629
2269631 2278208
2278428 2278524
2278908 2280034
2280730 2282133
2284136 2291913
2291915 2291970
2291972 2301591
2301593 2306917
2306921 2332530
2332532 2344856
2344859 2354968
2356855 2362205
2362208 2363047
2363049 2364350
2365135 2375563
2375752 2381817
2381925 2382838
2382840 2384650
2385830 2396931
2396933 2397020
2397022 2405004
2405006 2423469
2423680 2428835
2428837 2430825
2430907 2432875
2433107 2434792
2435322 2435541
2435814 2439278
2439280 2439368
2439370 2440488
2441634 2450033
2450035 2456295
2456762 2457045
2457047 2468735
2468807 2469102
2469177 2469538
2469665 2473583
2473659 2488469
2488502 2495006
2495016 2502239
2502241 2502297
2502337 2502501
2502548 2510730
2510732 2517143
2517257 2519531
2519617 2519681
2519683 2523692
2523694 2524112
2524849 2525206
2526494 2532548
2533106 2533538
2533540 2534564
2535777 2539553
2539555 2539757
2539759 2540748
2541175 2550783
2550785 2569423
2569425 2572491
2573160 2576169
2576171 2582636
2582638 2597965
2598131 2612646
2612661 2612711
2612725 2637138
2637344 2646192
2646778 2650844
2650846 2661670
2661718 2663026
2663028 2663079
2663081 2671348
2671820 2672296
2672298 2684190
2684192 2686593
2686595 2699600
2699602 2706973
2706975 2707392
2707815 2708449
2708951 2712268
2712276 2712344
2712409 2723714
2723873 2723943
2724300 2734714
2735877 2747260
2747262 2747398
2747435 2750584
2750762 2751727
2753746 2755466
2755468 2755521
2755523 2798788
2799010 2799796
2799827 2801019
2801936 2802512
2803385 2806929
2806931 2826254
2826941 2836951
2836981 2845342
2846696 2859329
2859331 2863981
2863983 2875962
2876008 2881050
2881701 2883541
2883578 2896466
2896468 2903187
2903254 2913565
2913578 2922453
2922455 2923057
2923081 2934641
2936565 2941957
2941959 2947039
2947041 2947891
2947893 2948970
2951177 2951523
2951880 2952240
2952242 2961348
2961421 2963501
2963642 2966174
2966470 2967900
2968106 2968951
2968953 2969050
2969052 2969122
2969155 2978762
2978765 2978945
2978947 2982608
2983175 2987090
2987493 2988058
2988133 2988297
2989442 2989666
2989790 2990164
2990166 2990235
2990237 2998771
2999853 3001909
3002076 3007208
3007210 3008167
3008169 3008881
3009994 3015898
3015962 3024477
3024513 3027449
3028109 3037736
3038152 3038415
3038890 3041189
3041191 3042588
3042590 3042718
3042720 3044654
3044656 3044844
3044972 3066982
3067051 3070793
3070795 3073246
3073272 3075521
3076051 3077627
3078131 3090301
3090659 3090769
3093138 3098272
3098274 3115624
3117164 3117503
3117757 3117886
3118000 3118241
3118243 3125177
3125249 3142355
3142357 3148103
3148135 3152280
3157897 3168843
3168845 3169028
3169037 3191907
3192162 3192251
3192651 3192942
3193156 3194809
3195362 3195908
3196421 3213582
3213586 3225395
3226373 3233423
3233425 3233825
3233827 3233963
3233965 3236836
3237040 3237092
3237121 3237228
3237306 3241129
3241131 3245351
3245466 3251534
3251757 3252046
3252048 3257300
3257520 3257592
3257610 3265615
3265805 3268514
3268516 3284803
3284805 3284990
3284992 3285099
3285101 3290946
3290948 3291503
3292010 3295620
3295656 3298404
3298406 3298803
3298889 3317103
3317105 3317460
3317990 3318266
3318441 3322358
3322360 3322409
3322411 3322461
3322463 3322523
3322537 3325128
3325149 3330832
3330934 3333184
3333186 3335826
3335828 3338040
3338330 3345539
3345541 3354182
3356850 3358180
3358182 3363789
3364834 3378073
3378077 3383829
3383831 3393825
3393828 3395462
3395464 3396394
3396457 3410992
3411033 3411162
3411164 3411308
3411349 3414901
3414903 3416678
3416680 3417882
3419006 3425306
3425309 3427532
3427534 3429104
3429106 3429170
3429172 3439318
3440869 3442556
3442558 3463516
3463718 3468325
3468327 3468385
3468422 3469230
3469257 3469365
3469367 3470427
3470429 3472475
3472564 3474851
3475705 3476908
3476978 3482212
3482214 3489935
3492491 3495797
3495799 3500051
3500053 3501476
3501478 3503784
3504019 3515170
3515172 3517050
3517052 3518493
3519113 3520403
3520405 3525499
3525536 3525662
3525681 3525732
3525744 3530821
3530849 3531619
3531621 3553748
3553822 3556278
3556282 3556349
3556373 3559368
3559439 3559651
3559860 3560059
3560258 3560551
3560766 3560976
3561090 3561139
3561158 3561385
3561387 3564548
3564550 3567290
3567292 3567595
3568006 3569353
3569355 3569441
3569464 3571556
3571558 3577300
3578970 3579328
3580051 3580159
3580877 3582420
3582422 3591584
3591621 3591680
3591781 3601963
3602026 3605067
3605069 3606865
3606867 3606920
3607019 3608282
3608402 3627143
3627671 3629896
3630771 3641752
3641760 3654164
3654166 3655043
3655045 3674025
3674027 3674096
3674098 3678163
3678165 3678317
3679436 3684911
3685867 3691221
3691223 3698954
3698956 3699399
3699401 3700917
3700997 3701066
3701068 3703589
3705910 3715551
3715553 3716218
3716277 3718564
3718566 3720568
3720570 3734337
3734339 3735180
3735252 3742990
3742992 3745601
3745603 3748647
3749204 3749804
3749806 3753751
3753753 3756194
3756197 3759247
3759292 3760594
3761223 3762854
3763383 3764094
3764097 3764148
3764150 3767301
3767303 3770006
3770971 3771265
3771343 3776173
3778574 3780720
3780722 3780777
3780779 3787803
3787805 3787874
3787876 3788088
3788195 3790772
3790774 3794808
3794885 3794938
3794940 3797769
3797799 3804855
3804857 3841906
3842775 3859028
3859041 3859093
3859127 3859262
3859264 3865631
3865633 3867312
3867314 3873429
3873439 3876588
3876590 3876769
3877695 3877798
3878065 3879369
3879371 3880906
3881338 3893718
3893720 3894400
3894402 3906680
3906764 3906979
3906981 3908431
3908434 3908558
3908680 3908778
3908918 3909062
3909537 3909769
3909913 3910056
3910213 3928209
3928951 3929218
3929220 3933882
3934461 3934580
3934582 3943049
3943051 3947036
3947038 3948665
3948713 3948806
3948816 3950826
3950925 3959354
3959398 3962791
3962865 3965372
3965374 3967389
3968511 3970917
3970923 3972349
3973161 3978025
3978065 3980129
3980131 3996237
3996239 4015220
4015262 4029172
4029476 4030176
4030202 4033040
4033108 4033230
4033515 4033653
4034266 4035122
4035164 4035964
4035966 4036204
4036206 4036304
4036306 4046037
4046125 4048536
4048538 4051755
4052153 4052216
4052325 4055887
4055889 4056582
4056850 4071432
4071437 4082665
4082667 4088264
4089205 4093240
4093242 4093291
4093996 4094607
4096231 4102304
4102306 4103895
4103897 4104046
4104048 4106106
4106335 4109372
4109374 4110536
4110552 4111886
4111888 4114424
4115268 4115744
4115818 4115871
4116258 4116501
4116503 4116832
4117395 4122371
4122373 4122452
4122670 4123125
4123129 4126176
4126178 4127580
4127582 4131621
4131623 4131673
4131693 4135004
4135006 4135232
4135234 4139078
4139080 4139908
4139910 4146453
4146744 4148363
4148365 4150084
4151106 4161358
4161615 4161904
4162038 4162602
4162604 4165464
4165466 4170524
4170678 4170919
4171022 4171145
4172076 4179703
4179737 4202423
4202425 4203506
4203508 4214630
4214729 4219998
4220000 4220203
4220205 4224531
4224555 4226913
4226921 4228937
4228941 4243569
4243571 4247520
4247726 4254146
4254148 4256327
4256562 4258583
4259072 4261212
4261214 4261325
4261327 4263575
4263577 4273367
4273369 4285129
4287286 4288923
4288925 4289427
4289429 4303123
4303696 4305250
4305252 4305477
4305479 4305616
4305618 4315197
4316099 4327873
4327875 4328891
4330035 4333990
4333992 4349160
4349162 4354132
4354134 4354259
4354261 4354966
4355401 4357770
4357772 4360849
4360851 4365512
4365514 4366203
4366205 4367755
4367757 4373308
4373310 4382835
4383232 4385183
4385198 4390801
4391336 4391651
4391653 4392285
4392384 4394122
4394124 4412538
4412540 4412630
4412748 4414842
4416931 4420993
4420995 4437639
4437641 4437712
4437714 4462759
4462761 4463667
4463879 4464075
4464280 4465344
4465878 4478312
4478316 4479296
4479299 4486058
4486060 4486462
4486464 4493179
4493792 4498443
4498903 4501601
4501603 4502496
4502624 4502995
4503100 4515904
4516454 4524875
4524878 4526796
4526798 4526875
4526877 4537226
4539289 4541317
4541319 4543312
4543314 4543913
4544475 4551516
4551585 4553629
4553657 4555858
4555873 4559117
4559119 4574055
4575483 4575658
4576034 4582571
4582776 4598337
4598339 4600285
4600287 4605471
4605474 4606394
4606396 4610538
4611565 4611906
4612388 4615089
4615608 4617647
4617666 4618477
4618489 4620588
4620670 4621431
4621573 4622057
4622236 4622433
4622508 4630923
4630925 4633742
4634288 4635196
4635437 4653841
4653843 4666976
4666978 4670753
4670755 4686797
4688766 4692627
4692629 4696664
4696666 4699586
4699588 4701336
4701338 4701622
4701624 4701788
4701831 4712535
4712537 4720249
4720251 4721701
4723832 4727159
4728267 4728394
4729002 4729147
4729976 4737469
4738270 4738731
4741649 4742097
4742239 4742323
4749804 4750260
4760169 4760341
4760444 4771862
4774211 4774765
4774909 4775914
4776247 4776528
4776722 4776979
4778643 4779481
4780910 4781075
4781147 4781578
4781969 4782568
4782817 4783708
4786782 4791136
4792622 4793301
4793412 4793866
4794209 4794422
4795199 4798361
4800035 4801094
4801229 4801914
4803242 4804112
4805323 4805382
4806676 4807975
4808254 4808374
4808676 4811914
4812155 4812460
4812538 4812687
4813377 4813570
4814285 4814373
4814721 4819063
4819140 4824656
4827792 4829467
4830265 4832349
4832667 4837997
4838081 4842473
4842882 4844865
4845298 4845494
4845590 4850389
4851291 4853527
4854272 4860741
4860983 4861157
4861300 4862529
4862615 4862818
4862906 4863210
4863483 4863632
4865593 4866470
4870782 4871509
4873289 4875854
4875954 4876068
4876438 4878664
4878858 4878989
4879249 4879517
4881637 4885137
4888094 4889862
4890362 4890748
4890925 4894883
4895556 4899198
4899361 4901148
4901469 4908398
4909509 4910381
4914000 4914115
4915106 4967469
4968405 4969890
4974210 4975140
4975211 4975925
4990697 4991044
4991352 4996326
5000219 5001666
5001846 5001958
5002376 5005702
5005704 5008339
5008367 5043263
5043413 5044214
5044340 5046273
5046528 5055820
5055892 5059626
5060912 5062618
5063013 5063929
5064157 5065570
5066209 5123208
5123210 5132823
5133330 5146443
5147154 5148913
5149327 5153830
5154298 5154677
5155497 5156291
5156293 5159576
5159928 5165024
5165026 5165575
5165720 5166641
5166762 5191316
5191538 5197071
5197073 5199950
5201250 5202488
5203113 5259989
5261218 5261548
5261668 5262198
5262565 5270444
5270446 5272006
5272031 5272087
5272148 5278065
5278286 5278895
5279082 5280578
5280606 5283476
5283483 5285676
5290957 5315963
5315965 5319431
5320468 5323823
5324645 5328109
5329087 5333065
5333194 5335197
5336869 5336929
5337153 5346467
5346559 5353307
5353385 5358505
5358507 5358852
5359659 5359917
5360206 5380540
5380621 5382388
5382880 5383266
5384155 5384547
5384549 5389440
5389442 5402268
5402270 5404124
5404126 5408722
5408724 5408791
5408886 5409146
5409765 5409875
5409891 5409946
5409949 5411633
5412197 5416223
5416234 5418116
5418404 5423797
5424119 5424323
5424436 5428133
5428846 5429291
5429293 5430984
5431446 5431933
5432157 5435590
5435619 5436304
5436666 5436979
5437046 5437121
5437223 5437426
5437507 5437679
5437760 5439917
5440169 5450554
5450673 5459343
5459345 5459397
5459399 5471017
5471029 5471310
5471479 5474783
5474968 5477381
5477383 5477667
5479869 5485909
5485911 5486006
5486370 5486854
5487262 5487390
5488301 5489401
5490841 5497121
5497685 5499888
5499890 5507052
5507135 5511131
5511528 5516346
5516348 5524007
5524009 5524080
5524082 5524210
5524212 5526599
5526601 5526685
5526721 5526912
5526917 5553181
5553426 5554043
5554217 5555293
5555428 5575101
5575681 5579607
5579685 5582317
5582319 5582385
5582387 5582790
5582793 5584756
5584758 5585997
5586069 5586360
5586946 5587017
5587374 5598354
Tbrucei.chr8.100
1 3297
3999 4730
5360 10780
11367 14333
15821 19523
21262 24018
24570 31618
31855 33179
33516 38646
38787 40243
40324 40395
40467 41073
41534 45076
45255 47956
49755 50175
50944 51360
51918 53368
54073 54905
55899 58550
58797 58855
59238 60284
61106 61890
62059 62312
62403 62623
62689 64134
65788 65886
66065 66215
66302 68897
69238 69426
69766 70822
71115 71427
73485 73593
74562 79636
79946 80317
82629 82916
83453 84058
85117 87906
89326 89532
89614 90559
91265 91623
93010 95618
95793 98880
99080 99231
99430 99509
100146 100798
100876 101664
103195 104425
104870 105247
106731 106830
106986 107371
107492 108377
108868 109056
109845 110984
111141 111740
112137 113337
113561 114008
114359 115276
115749 116173
117453 118808
118912 122321
122547 122624
123306 123415
123797 123895
124156 126088
126218 126866
127053 128252
128429 130492
130693 130884
132171 132383
133651 135586
136150 137044
137857 139266
139567 142759
143152 145069
Tp_ends_39g01.p1k
1 14693
Tp_ends_40b06.q1k
5520 11492
11890 14708
tryp_IXa_16h03.q1c
1 11697
tryp_IXb_1c10.p1c
1 181
266 322
412 549
804 1480
1565 1757
2092 2157
2330 2516
2624 2726
2819 3851
3994 4111
4214 4326
4980 6142
6989 7359
10309 12727
12893 13063
13215 13314
13928 14693
16478 16914
17036 17163
17257 17644
tryp_IXb_217g08.q1c
1 2229
2384 7160
8171 8374
8475 8670
9099 9161
14913 15170
15328 15425
15609 15691
16317 16648
16830 16894
16976 17092
17167 17387
17473 17545
17637 18339
18425 18656
18759 18832
19005 19071
19245 21401
21538 35221
35308 38086
38278 39147
39898 56707
58815 59578
60006 61519
61597 63140
63285 64346
64553 66376
66521 66600
66913 67612
67861 67968
68142 69298
69376 70452
70718 75013
tryp_IXb_218d07.p1c
1 5665
5841 21456
21809 23544
23860 30438
30624 44137
46297 47634
47778 50808
51059 55251
55754 59339
60823 62006
63684 65177
66507 95619
99777 104094
104354 104894
106349 107211
107277 107460
107527 107597
107929 108041
114002 115303
115668 123250
124432 126278
128924 131676
131856 132044
135416 157545
158206 161111
161330 162020
163724 164075
164869 165781
169355 170238
170494 171659
171994 174109
174416 176770
177237 177425
178030 178213
179058 180725
180984 182312
183000 189958
192783 193807
193969 196236
196436 198897
198983 199038
202046 202140
203523 208124
208445 208535
208603 209197
209780 209890
213139 213952
214929 217368
217886 217976
tryp_IXb_247f12.p1c
1 13252
tryp_IXb_277d03.p1c
1 13947
tryp_IXb_314f06.q1c
1 2820
4314 4503
5477 5739
6938 7078
7648 8612
8752 9307
10469 11255
11349 12828
12899 12970
13821 14218
15029 17409
18677 18726
18987 19547
19626 20154
20832 21233
21394 30465
tryp_IXb_43g07.q1c
1 3857
5192 15683
tryp_IXb_68a05.p2k3050
1 70
217 408
486 16662
16733 16929
17858 35913
36667 42657
42838 43577
44128 44357
44701 51782
52345 58585
58682 59400
60090 60483
60908 61089
61623 61673
61819 61903
62008 62930
63838 64980
65497 65789
66536 66589
66786 69232
tryp_IXb_6d06.q1c
1 879
1793 6947
7926 10228
tryp_IXb_6g03.q1c
1 6992
7365 7885
8940 11925
11991 12929
13049 15622
15775 16598
16669 24753
25544 26972
27041 27494
27703 28938
29029 29252
29668 29839
30926 31273
31724 33112
33178 33378
33648 34248
34859 40856
tryp_IXb_73h01.q1c
1 6569
6711 8043
8801 21800
21972 22135
22631 24306
24721 36098
36674 36763
tryp_IXb_86g11.p1c
1 2238
3053 3381
3604 3867
4268 4470
4611 4661
4749 4828
4923 4974
5074 6328
6728 7051
7232 7319
7504 13019
13140 13393
13551 13783
tryp_IXb_93a04.p1c
1 8902
8975 10049
10242 16513
16661 18395
18757 24248
tryp_IXb_98e04.q1c
1 4699
4904 5079
5209 11041
tryp_X_106b08.p1c
1 12960
tryp_X_149c07.p1c
1034 1193
1277 2131
3056 3127
9262 10157
tryp_X_149e07.q1c
1 7173
7548 12369
tryp_X_155h05.q1c
1 3365
3509 6571
6762 7692
8647 9540
9607 9817
10148 10267
11137 12214
12558 13024
15092 15370
17163 17329
17612 17776
tryp_X_174f04.q1c
1 9550
9663 13605
13701 22092
22253 22661
tryp_X_179b07.p1c
1 86
88 8130
8707 10936
11069 11149
11786 19430
tryp_X_188b09.p2kB601
1 520
1709 1886
2066 2361
2573 3394
3396 5046
6537 7178
11155 11413
11517 12044
12921 13885
14097 14220
14558 14733
15597 17617
18092 21794
21876 22265
22382 26029
tryp_X_206a03.p1c
1 4861
tryp_X_220a01.q1c
1 205
736 7193
9654 14179
14339 15894
16164 17459
17528 30496
37877 38076
tryp_X_232f09.q1c
130 394
1247 3249
3815 4417
4616 7360
7902 7971
8774 9053
9183 9744
11515 12357
tryp_X_254c10.q1c
1 7040
7224 7337
7643 7740
7978 13950
14339 15095
15799 16836
17292 18621
18708 18821
19486 25447
25515 26519
26748 27137
27486 29628
29787 30015
30299 32630
32831 33536
33730 34441
34562 37806
38402 38802
39661 40115
40371 43683
43813 43876
44146 44489
45059 45471
45965 46057
46389 46639
47443 47629
51355 52750
53052 53288
55129 55370
55579 55800
56013 56630
59529 61122
tryp_X_264e11.p1c
1 11160
tryp_X_275g09.p1c
1 10245
tryp_X_276b11.q1c
345 544
1017 1629
2401 2454
7215 8141
8983 9258
10291 10626
11030 11619
11691 12771
17117 17332
17676 18083
18164 18598
19285 20099
21226 21498
23508 23896
26053 27021
27124 27901
28128 28327
28583 28737
28872 29117
29362 31122
tryp_X_284f09.p1c
1 7980
8206 42529
tryp_X_302f11.q1ca
1 22144
22338 24655
25159 27720
28080 28312
29253 29381
33150 34721
35162 35325
35475 35753
39421 39937
40381 40564
43752 44050
44366 44671
45222 45472
49871 50450
50863 51863
54118 54286
54505 55139
56143 56331
57129 57573
57650 57740
57856 58113
59066 59397
59711 59823
59970 60277
60903 61658
62011 62829
63222 63370
64670 64779
tryp_X_313e04.q2kB520
15 3060
3401 3689
3804 6405
6598 6796
6953 7750
7878 9394
9828 14113
14115 14796
14892 16884
16886 16976
tryp_X_324h11.p1k
1 1175
1644 2355
3065 3821
4658 5292
6570 6700
7404 8000
11336 11467
11579 11884
14824 15037
15331 15485
16034 16761
17866 18041
20227 20462
24525 24799
28103 28198
30320 30984
31728 32860
34683 34974
39067 39286
43526 43911
51168 52306
53022 53261
54820 54893
57388 57823
58862 59587
60466 60796
62019 62224
64378 64619
65131 65351
65948 66050
66360 66530
68622 69078
70036 70111
75017 76795
79018 79185
83843 83916
88078 88329
89245 89621
tryp_X_333c11.p1c
1 668
670 32628
tryp_X_36a02.p1c
1 200
1148 2373
2452 4810
5253 5556
6164 6513
6696 8486
8609 8816
9287 9499
9698 10338
10474 11782
11997 12882
12970 13373
13623 15758
tryp_X_423d07.p2kB114
1 654
1027 2037
2275 2628
2795 2907
3172 3471
4383 4681
4985 5466
5738 5919
7433 8715
9311 16506
tryp_X_432f03.p2kB42
1 15352
tryp_X_448g06.q1c
93 663
665 2632
2634 3655
3776 4252
4254 4598
4690 5817
5819 10617
17002 17440
17648 17981
18156 18566
24686 27284
27331 28045
28084 34890
35415 36708
36789 39559
40069 40586
40693 44931
45461 46568
tryp_X_46d09.q1c
1 3419
4247 5433
5765 6253
6552 6616
6894 7680
7871 8470
14786 14877
tryp_X_48f04.q1c
1 1061
1144 2225
2827 3214
3283 3368
3442 3687
4282 4447
4550 4628
4947 5149
5813 5951
6034 6187
6399 9394
9905 10551
11032 12097
tryp_X_50f09.p2kB193
1 872
954 1289
2291 13535
13620 13710
14177 15431
15639 18004
18074 24078
24641 25857
26010 29431
29824 30031
30108 33761
tryp_X_54d09.q1c
1 2627
2767 4714
5573 15178
tryp_X_68d04.q1c
1 16576
tryp_X_76f06.p1c
1 839
2032 2305
8088 9244
9806 9945
10801 10867
23974 24611
33980 34477
35101 38984
43186 45429
45712 49467
tryp_XI_1007b07.p1k
1 10284
tryp_XI_1007c06.p1k
1 11628
tryp_XI_1011b06.p1k
1 16074
tryp_XI_1026a03.q1k
1 2141
2143 15855
tryp_XI_1032b03.p2k737
1 3057
3352 3865
4017 6587
6794 7589
9079 10439
10909 12187
12515 12639
13486 17524
17635 24194
24413 27206
27514 27739
27869 28374
28609 28695
29269 29732
tryp_XI_1032h01.q1k
1 13767
13834 15699
18923 27432
27587 40317
tryp_XI_1036e06.p1k
1 12971
13693 24282
25067 35719
tryp_XI_1056c09.q1k
1 20378
tryp_XI_1079d10.p1k
1 11344
11559 12108
tryp_XI_1084b11.p1k
1 413
543 13525
tryp_XI_1094c12.q2k740
37 106
153 483
911 10800
10919 12271
tryp_XI_1113h05.p1k
1 2529
2771 5723
6507 16832
16834 18544
18546 18607
18769 19136
tryp_XI_1126c12.p1k
1 904
3485 4852
4973 11400
11913 12291
tryp_XI_1130e12.q1k
349 4153
4227 7216
7369 11516
11752 15377
17286 18674
18676 18842
18861 18935
18937 19025
19088 19338
tryp_XI_1133d10.q1k
1 5464
7259 7459
7626 7682
7803 8085
8178 9468
10045 17783
tryp_XI_1138e03.p1k
1 13223
tryp_XI_1144a03.p1k
1 375
493 5043
5560 18242
tryp_XI_1150d08.q1k
1 21727
tryp_XI_1152c10.p2kA602
1 4241
4940 7479
8196 9687
10070 10325
10987 11175
11378 13544
tryp_XI_139f04.p1c
1 2113
5188 11080
tryp_XI_147f01.q1ca
1 3268
5525 12916
tryp_XI_256a10.p1c
1 21152
tryp_XI_266b02.p1c
1 1453
2061 2200
3152 4531
5667 10654
12042 12330
tryp_XI_270f07.q2k6013
1 975
2281 2605
4812 7045
7118 7177
7358 8796
9570 14898
tryp_XI_285a11.p1c
1 7089
7091 7391
7529 7688
7935 9217
9366 9790
9918 10566
10644 11608
tryp_XI_311f03.p2k913w
1 1536
1684 7664
8026 8404
8652 11389
tryp_XI_314d08.p1ka
1 63
504 854
2990 3076
3483 5415
6124 6597
7148 8561
10192 11111
tryp_XI_321e04.q2k4065
1 6961
7055 11622
tryp_XI_339b02.q2k2024
49 584
1242 1632
1804 4921
6848 10420
11575 11782
tryp_XI_361h08.q1k
1 3682
4056 5274
5471 10695
11285 15471
tryp_XI_374h12.q2kA203
1 1714
1801 5968
6104 17417
tryp_XI_390c04.p2kA614
1 196
198 289
291 13811
tryp_XI_396e01.q2k3025
1 15346
tryp_XI_425g10.p1k
1 1338
1467 5410
7552 9414
10550 10670
10739 11364
11792 15011
tryp_XI_431h02.p1k
1 4087
4089 18241
18371 18464
tryp_XI_467d06.p1k
1 18089
tryp_XI_476g10.q2k4126
1 16887
17378 17549
17551 21187
tryp_XI_833h02.p1k
1 7026
7538 9079
9629 12468
12623 12816
12894 15929
tryp_XI_862d07.q2kd7148
1 10695
10784 15059
tryp_XI_872c11.p1k
1 61
212 4447
4526 12873
12875 14115
tryp_XI_881g06.q2k5028
1 980
1491 2386
2480 10967
11089 15165
15279 15771
16016 16700
18145 18920
tryp_XI_884a07.p1k
1 1642
3128 17182
tryp_XI_887c11.p1k
1 2458
2727 3118
3399 3715
3802 16187
tryp_XI_891h01.q1k
1 12226
12700 14876
14977 16663
17006 17339
17483 20748
tryp_XI_899c04.q1k
1 2694
3189 7212
8021 8601
9161 9371
10355 26578
tryp_XI_905b11.p1k
1 15392
tryp_XI_925b07.q1k
1 11870
tryp_XI_944g01.q1k
1 844
885 10348
10376 11830
tryp_XI_944h10.q1k
1 151
153 564
1409 2016
2668 3708
3804 6235
6604 7349
7464 8020
8275 10828
11995 12057
12261 12793
12859 12917
13025 13533
14225 14323
14679 17555
17692 18365
tryp_XI_967a04.q1k
1 5183
5379 14742
15249 24681
25066 25825
tryp_XI_974h12.q1k
1 14452
tryp_XI_976e03.p2kA567
1 3325
3693 4008
4173 6144
6454 6610
6745 12490
12492 12566
12568 12646
12648 13155
13233 13968
13970 16066
16203 17044
17171 17608
tryp_XI_983f02.p1k
1 2903
3217 3277
3686 6936
6938 9290
9587 10358
11476 12131
12808 13224
tryp_XI_989c01.p1k
1 6405
6407 6614
6616 11722
tryp_XI_994c05.p2k850
1 7014
7214 7772
8141 9134
9296 12447
