Tb927_01_v5.1
1 2213
3043 5096
5197 5324
5431 5537
5793 10362
11519 12682
12980 38919
39053 40153
41240 43844
44501 45111
46038 46390
46991 47118
48192 51243
51321 52276
53327 57320
57810 60749
61622 62700
62844 63212
63377 68068
68230 70371
72622 75645
76994 83170
83753 83992
84369 84935
85057 87242
87356 88123
88367 92055
92223 92998
93208 97949
98055 98581
98695 101042
101270 101538
102021 102741
102816 102938
103058 103219
103812 103999
104722 106146
106682 107184
108009 114227
114876 115771
117089 122514
123047 127598
127722 129621
131017 132499
134397 134474
134590 143426
144081 144897
145797 150317
150782 150955
151048 151211
151285 151835
152344 154706
157236 167711
168101 172688
173018 173876
173963 174103
174374 174463
174576 175209
175450 177034
177608 178186
178921 179526
180097 185735
186480 189566
189702 190102
191361 192904
193226 195998
196429 197011
198764 199425
200181 201014
201868 202139
202246 202551
202627 203046
223556 225266
232810 233244
234259 235022
244475 244897
284931 286050
298662 299328
367315 367537
442868 462123
467736 467836
523576 524281
526683 526743
527170 527288
528159 528314
528525 528589
530306 530364
531750 532068
545240 545291
546168 546220
547033 547093
547326 547455
548505 548586
548749 548851
549267 549367
549453 549530
549819 549968
550047 550098
550757 550823
571037 580812
580954 582709
584811 585873
588060 588989
589925 590088
590734 590956
592298 596979
597827 599417
600041 603131
615959 616487
637454 637646
638086 638433
641474 649474
717322 717489
740556 740629
771175 775956
780391 785476
785547 790424
790923 798981
799737 804165
805358 807220
807327 810957
875147 875379
939800 940236
941852 952169
952761 954754
955370 955806
960298 960462
960950 961138
970757 971011
971757 971947
986390 986607
987644 988256
988877 992507
992668 993640
993713 993918
994228 994384
994728 994978
998367 998549
999653 1000619
1001178 1001372
1011150 1011635
1011805 1011859
1013936 1014001
1014286 1014678
1014809 1014870
1015078 1015311
1017044 1017813
1018580 1019202
1019705 1020007
1020123 1020247
1021075 1021611
1022333 1023314
1023591 1023808
1024834 1025577
1027689 1028875
1029790 1029862
1030022 1030134
1030215 1030265
1031267 1031394
1031963 1032501
1032622 1040293
1042268 1049423
1049709 1053326
1053747 1054372
1054552 1054749
1055319 1055665
1055868 1058616
1058729 1061034
1061110 1061199
1061300 1062175
1062250 1062696
1062835 1063788
1064089 1064164
1064243 1064672
Tb927_02_v5.1
1 1782
2426 3587
4257 6861
7133 7824
8046 8312
8430 9123
10486 13642
15769 17328
17488 17874
20296 20461
20533 20623
20981 21105
21566 25704
26939 32596
33413 46863
47377 48467
48592 53227
53352 53574
53935 54634
55213 55457
55815 58917
59993 64393
64959 66245
66425 78747
78814 79755
80296 87778
88601 89452
89528 89794
90114 91224
91394 93884
94126 94312
94415 97202
99551 99657
100151 101018
101095 101155
101241 101707
101817 105964
107193 107469
107774 108042
109416 110717
111339 111548
111630 111772
111849 112124
112323 117878
118711 118780
119648 127193
127520 127771
127898 128444
129489 131462
131610 131741
131828 132237
132482 132727
133092 133731
134436 134751
134948 135360
135608 135658
135968 136336
136420 136482
136565 136753
137152 137219
137360 137752
137863 137971
138104 138696
139182 141411
142141 142995
143205 143545
143718 145123
145260 145889
146290 149479
150534 151304
152427 157342
158171 159183
159723 168475
168573 168926
169166 169325
169841 170428
171268 171865
172783 172841
172975 173026
173299 173459
173992 174061
176073 177762
178631 192281
193484 193639
194121 194269
194719 194823
194901 197058
197202 197514
197592 197797
198324 198713
198881 199742
199991 203837
204441 204935
206407 208216
208605 208685
209216 213144
213647 215874
216003 218635
218729 218974
220103 220363
221073 221656
221730 221915
222011 226594
226865 226952
227051 227501
228481 237665
238191 240283
241848 245511
245813 247249
247629 247753
248085 248145
248922 249703
249993 251659
251964 252529
252719 253916
259470 261281
262110 273355
273497 273862
274065 277163
277612 280756
281359 289328
289626 289849
289916 289965
290361 298785
299172 300112
300747 301664
302133 303071
303241 303652
304115 304301
309676 310279
315484 316707
349733 349931
359046 359772
360052 364876
365045 368194
368356 372145
373899 386719
406026 406126
406771 406975
415078 415698
420361 420527
448960 449132
472648 472893
477194 477402
485851 486175
533138 533313
542890 543170
543442 543518
565762 567403
581482 581810
582317 582832
584363 585194
596001 596473
597820 601095
601652 611150
612024 615786
616862 616972
642930 643220
644591 644791
712414 713943
745360 752168
844048 845181
845922 846327
863727 869270
899037 899513
900634 901816
901930 902140
902881 903200
903773 904961
942470 948466
948992 949958
951247 951392
951976 957718
997282 1020852
1035468 1037329
1060192 1063915
1064968 1067590
1077123 1077375
1106414 1107243
1108005 1108704
1109512 1109673
1110053 1110312
1110437 1110813
1111080 1112052
1116318 1119182
1119872 1120102
1120180 1120610
1121311 1128115
1130666 1136809
1137384 1149368
1149456 1151954
1154454 1158374
1159360 1159558
1161818 1166100
1166557 1167632
1169283 1169910
1170159 1173737
1176453 1176656
1178185 1181057
1184038 1185828
1186057 1187803
1188305 1188469
1188868 1191475
1191645 1192371
1192473 1192572
1192671 1192738
1192933 1193948
Tb927_03_v5.1
726 859
925 994
1144 2096
2737 4198
6340 8999
9076 11826
16860 16923
17903 18230
23838 23976
24214 29217
35974 39182
39359 39542
40686 41868
43037 43499
45110 45267
46207 46529
47584 47792
47994 48172
48954 49180
49342 49654
49976 50689
51398 51518
51974 52360
52977 53925
55356 55593
58000 58177
58322 58397
59371 59526
59606 60016
62488 62659
63157 63938
64598 65339
67548 71162
71230 72173
72315 75135
76654 76991
82584 82776
85100 85274
85958 86026
86740 86823
89625 89879
92649 93293
94446 94727
95305 96182
100996 101233
103705 104069
106670 111510
111848 114580
115501 116512
117374 120503
121345 121930
122537 123329
125927 126225
132328 132607
138289 138347
138867 139727
144209 144419
152787 153223
154523 155952
161465 161621
168170 168376
261056 262393
304138 304266
372986 375740
384901 391179
400798 401630
442371 442540
494367 495033
634483 634716
634841 636814
640359 642946
643381 645783
818732 820475
875669 881767
884281 891913
895872 897355
898747 919663
923111 936562
937590 943439
944263 950751
952046 960375
960571 974282
1074491 1074632
1092464 1092892
1122940 1123036
1123038 1123259
1123261 1123344
1147329 1150625
1151178 1154374
1154930 1158609
1185243 1185416
1189943 1190378
1208920 1211005
1212855 1219266
1236971 1238141
1254285 1255086
1261780 1261951
1334324 1334447
1344320 1352513
1393224 1393409
1462618 1462852
1466504 1466675
1470283 1470495
1476595 1476746
1492520 1494969
1547889 1548807
1586128 1590252
1590571 1590770
1591108 1591323
1591391 1591615
1592222 1592309
1592862 1593124
1593975 1605429
1605560 1606214
1606351 1606846
1607300 1610500
1610616 1611207
1611373 1612206
1612642 1612737
1612975 1613031
1613778 1616091
1616255 1616521
1616624 1617476
1626445 1628551
1628621 1628670
1628760 1629970
1631020 1632248
1632326 1636889
1637756 1638280
1639512 1640426
1640994 1642506
1642787 1643710
1644343 1644800
1648297 1649414
1650406 1651049
1651703 1652255
1652870 1653225
Tb927_04_v5.1
1 3130
3217 3289
3642 7692
7986 8211
8612 10144
10668 13744
17156 21231
21373 22686
23741 23818
24400 28958
29248 31221
31358 31952
32114 32686
33005 33353
33429 33525
33716 37080
37761 40089
40734 40991
41070 41153
42795 47931
48448 51582
51804 52075
52178 52367
52455 60914
61914 64992
65754 67922
69162 69580
69658 74739
75403 78220
236093 236369
258770 259033
307920 309060
318164 318241
320100 320445
448425 450001
479501 479678
479965 480084
481034 481091
481508 481564
518619 526912
527631 528134
677347 677650
840689 841012
842190 842474
842729 843763
843893 844049
844126 857165
861156 861643
898976 899299
903224 904142
905199 905322
905881 906051
907382 907555
913924 916705
918633 918733
921782 922821
923703 925687
940768 942070
949674 949973
950756 953868
954504 958580
962237 962748
964821 964982
972835 973387
974437 976979
983248 983350
983524 983639
983826 983887
984044 984152
984564 984710
998418 998573
1006830 1012710
1013409 1013469
1013983 1019066
1020791 1021337
1044275 1044356
1044593 1044720
1048638 1048804
1051234 1051336
1051623 1051691
1052316 1052383
1052674 1052747
1053097 1053356
1060848 1064079
1064899 1068135
1069684 1070261
1073033 1073174
1077195 1077357
1079532 1079701
1089885 1090226
1092669 1093494
1093986 1094997
1100763 1102162
1114645 1115247
1119810 1120038
1121434 1121680
1126697 1129004
1129642 1131173
1134290 1136998
1144312 1144569
1146060 1146216
1149694 1149877
1155060 1157232
1158176 1158731
1167372 1170770
1171792 1187115
1189748 1191123
1191632 1196180
1196988 1199973
1203190 1203656
1207060 1207303
1216639 1216810
1221167 1221690
1230419 1230531
1230747 1230816
1232065 1232127
1232614 1232815
1235164 1235593
1235779 1235913
1235989 1236213
1244103 1244298
1246927 1247237
1249301 1249482
1257907 1258061
1262363 1262534
1271730 1271957
1284991 1285086
1287683 1288517
1301608 1302106
1311515 1311721
1312601 1312671
1312970 1313197
1313736 1313954
1317742 1317902
1319314 1320648
1321472 1327213
1328134 1328625
1329115 1329267
1329977 1330081
1337038 1337247
1347497 1352734
1358677 1360182
1361562 1362317
1370479 1379040
1380152 1380221
1384738 1386353
1398042 1398304
1401470 1401887
1401960 1403636
1406765 1410692
1414578 1415943
1419549 1420259
1425612 1427293
1428019 1433296
1433911 1436814
1438681 1438777
1439152 1439333
1440018 1440076
1440147 1440266
1440691 1440814
1441097 1441183
1441633 1441858
1445958 1446276
1448284 1449169
1451672 1452671
1453228 1453783
1457938 1458290
1459638 1459895
1463763 1464068
1465191 1465462
1466622 1466853
1467542 1467720
1469279 1469734
1470606 1473402
1474965 1475042
1476514 1486783
1487552 1488215
1488318 1489923
1492314 1492497
1492812 1494517
1494973 1500411
1500487 1501040
1503214 1506291
1506361 1506497
1506633 1507600
1507973 1508024
1508330 1510074
1510528 1510597
1511751 1511899
1515513 1516021
1516432 1518649
1529595 1530537
1544725 1545030
1549223 1549472
1550305 1554858
1555418 1555686
1557338 1557667
1560300 1560598
1562558 1563014
1565427 1566257
1566459 1566839
1570256 1570385
1575480 1575566
1575735 1576179
1577420 1577655
1577731 1578166
1578984 1579096
1580601 1580668
1581400 1581778
1582336 1583700
1584497 1585045
1585131 1585288
Tb927_05_v5.1
1 2157
2460 3553
3796 5161
5266 10374
17893 19152
19527 19596
19756 19875
20129 20844
21060 21508
21742 21995
22099 22288
22681 23568
23781 24389
25675 27042
27335 28504
28743 41888
42038 42226
42303 42914
43424 44282
44509 48054
48399 48686
54597 55451
56915 65240
65950 66106
66201 66871
67393 67829
68339 69009
71803 74185
79383 85227
90658 115826
115949 118940
119591 119863
121387 123717
124658 124785
125065 125609
128884 139353
143293 159602
159758 159978
160138 160247
160780 162170
163162 164772
165375 188801
191023 191575
245627 247032
247235 247742
248403 248730
248864 248937
251194 254177
255430 256889
267500 267565
276631 276829
277621 277932
353645 353744
356789 356900
357122 361777
362596 363357
371739 373034
408048 408579
419519 420062
424197 425557
426597 436527
449235 449526
453889 454059
454911 455071
503595 504281
504583 507062
508085 508443
509593 509834
509926 509982
510495 514029
520310 520536
568550 568762
579501 579698
621837 624806
628519 631490
673944 674027
675225 675298
675390 675617
675773 675829
676177 676377
677145 677198
677702 677752
679279 679339
680286 680341
680686 680780
681126 681180
681517 681607
682094 682398
683122 683176
683415 683596
683696 683849
684735 684787
684962 685033
687009 688181
688877 689054
689170 691413
691659 692003
693350 693435
693645 694072
704240 704387
739762 740049
740192 745217
745649 746057
747719 748545
749280 753836
757566 762019
786646 786810
802758 802988
835949 836075
1050479 1050638
1141527 1143302
1211851 1212283
1289243 1290333
1327952 1329346
1329871 1335023
1390394 1417544
1420233 1424469
1425956 1430867
1430980 1431147
1431911 1435264
1435899 1436059
1439152 1442718
1445215 1445637
1447336 1447903
1448627 1449353
1455968 1456734
1456817 1457209
1457359 1459365
1460671 1460759
1470982 1471199
1473438 1474636
1475210 1475508
1476406 1476583
1486695 1492159
1492271 1492546
1492942 1493843
1502581 1503572
1504729 1507017
1513287 1516684
1517284 1519808
1521410 1522954
1525807 1526341
1530374 1530822
1530888 1530973
1538529 1538985
1548177 1548338
1548894 1549066
1549169 1559737
1565262 1567625
1568284 1568538
1569183 1569575
1570431 1572392
1572869 1573108
1573515 1573690
1573862 1575736
1576051 1576383
1578056 1578127
1579461 1580754
1582109 1589460
1589651 1590929
1593134 1595717
1595799 1597889
1598207 1602094
1602216 1605337
1606015 1608013
1608606 1608672
1608751 1611436
1619078 1622156
1624000 1626536
1626614 1627009
1628839 1633225
1633743 1634214
1634678 1651078
1651173 1652713
1652836 1653041
1653118 1654748
1654911 1656522
1656776 1659032
1659305 1665925
1667403 1668960
1670650 1671603
1672172 1672599
1672678 1674848
1674992 1675127
1675202 1675465
1675749 1675919
1676195 1676254
1676392 1676995
1677598 1680468
1681129 1686536
1686628 1686678
1686888 1691498
1693407 1693731
1693834 1693889
1694174 1695104
1695512 1696013
1696133 1697510
1697654 1698114
1705339 1706033
1706541 1708728
1710728 1711863
1716371 1719956
1725808 1725940
1726494 1727051
1727146 1731966
1732759 1733235
1734358 1734652
1735149 1735387
1735538 1735587
1735982 1736811
1737449 1737505
1737972 1741320
1741585 1741648
1742034 1743216
1743316 1743591
1743982 1744265
1744982 1747107
1747263 1747625
1748072 1754681
1754820 1756096
1756841 1760987
1762168 1763874
1764350 1766430
1766695 1769325
1769685 1775671
1776014 1776310
1780647 1780747
1783580 1786267
1786454 1787225
1788570 1789824
1790675 1790734
1791035 1791506
1792305 1793979
1794484 1794591
1797144 1798798
1798907 1800066
1800725 1802303
Tb927_06_v5.1
1 5995
7250 7670
7757 12092
12167 12474
12701 12897
14378 15523
16316 16626
17511 17683
18457 19014
21909 22228
24132 24456
24535 25228
25302 25375
25778 43517
46353 46653
47155 51401
51650 51762
51906 53625
54442 62330
62391 64353
64870 69643
79412 79656
83102 83291
84766 86969
87801 90814
92070 93090
93993 94071
94644 95951
115593 117647
118823 120553
121822 124852
126254 133888
135155 173328
179173 179910
180664 180775
181401 186049
200310 201024
202397 203738
210757 225789
227248 228450
228939 230115
232213 232754
234213 234946
270147 270386
271489 271579
272787 273066
298369 298636
314379 319187
319724 331826
332838 334292
336663 338672
346149 346339
396988 398636
404922 415502
416978 423875
481725 483126
483338 483751
487091 503882
597511 597607
597818 597920
598095 598146
599550 599656
599785 599929
600984 601072
601271 601327
603766 603939
611395 611606
613648 617238
617807 619074
687541 688172
704999 705241
717139 719366
720193 726246
778721 779819
781143 781388
987321 989811
989879 1001512
1001785 1005270
1054038 1054349
1100440 1100618
1126417 1128459
1143946 1146277
1189897 1190355
1218192 1220472
1281189 1282145
1346613 1362652
1416374 1416508
1418790 1420189
1423698 1425643
1425893 1427723
1428141 1432676
1433120 1433768
1434670 1435843
1436652 1437870
1438643 1438771
1438911 1439096
1441456 1441913
1442257 1443129
1446566 1446670
1446817 1447200
1448778 1448850
1449470 1449734
1451800 1452750
1454524 1454591
1455032 1455140
1455259 1455342
1455473 1455900
1456338 1456587
1456740 1457116
1457677 1457858
1457947 1458044
1459334 1460197
1462270 1464041
1464306 1467985
1470731 1470968
1471604 1474026
1474126 1484251
1484696 1495412
1495829 1496055
1496345 1496682
1497075 1497205
1497997 1499155
1499320 1500057
1500154 1500409
1501342 1514604
1515062 1515204
1515369 1521560
1521665 1524584
1524690 1527101
1527920 1530116
1530261 1532140
1532325 1532685
1533001 1535781
1535896 1538285
1538486 1538903
1539805 1540369
1540810 1541187
1541293 1544246
1544400 1550711
1550788 1550865
1550946 1551761
1551916 1552419
1552768 1555231
1556744 1559162
1559300 1563419
1563728 1565011
1565086 1565529
1565844 1567038
1567274 1568629
1568961 1570587
1572321 1572729
1572962 1574792
1575047 1575700
1575885 1575992
1576138 1577914
1579258 1580459
1580584 1582935
1583097 1585478
1586022 1586495
1586564 1586710
1586876 1587186
1587495 1590021
1590128 1590484
1590604 1592560
1593975 1594175
1594427 1594637
1595091 1599022
1599122 1600892
1601214 1604400
1604604 1605161
1606024 1606282
1606672 1607103
1607348 1608349
1608735 1609436
1609607 1612809
1613440 1614335
1614664 1615153
1615231 1615528
1617596 1618215
1618373 1618424
1618824 1618915
Tb927_07_v5.1
1 677
2019 2419
3124 3180
5627 6061
8628 9088
10648 11495
12943 13193
15299 25040
25636 25764
25910 26676
27657 27823
31076 33400
38084 38681
39207 39392
43382 44295
56306 56882
64919 72954
73833 77537
78863 81044
95529 96834
118266 118420
147362 147692
184531 185448
210268 210464
231329 231537
268304 268620
282367 282672
284104 284336
290386 291621
312037 312350
347713 347917
429044 430056
465153 472131
472766 490059
492628 493055
493703 504887
506923 513544
521463 575620
599997 601054
677489 677685
678316 678921
682157 682269
699682 699829
728837 735196
735198 739747
837236 839734
841048 841227
861309 863424
864012 864387
865467 869275
891806 893113
998934 1001783
1099905 1102587
1125075 1125156
1125960 1129438
1136503 1136656
1157849 1159045
1218147 1218808
1280808 1280982
1289005 1289204
1298917 1300298
1311626 1311842
1312472 1312825
1313405 1315176
1317798 1317957
1319643 1319836
1324593 1326282
1332805 1333070
1337414 1337581
1348575 1348788
1352246 1352472
1353871 1354110
1355577 1355812
1364180 1364563
1375833 1376125
1407171 1407353
1416067 1416319
1417414 1417569
1418827 1418996
1421068 1421725
1423054 1423157
1423351 1423406
1423499 1423670
1424065 1424186
1424518 1424664
1424835 1424956
1425032 1425098
1426352 1426484
1426578 1426639
1427073 1427146
1427713 1427765
1430083 1430307
1432534 1433177
1435352 1437186
1439407 1439542
1439796 1439906
1440456 1440549
1442884 1442979
1443265 1443314
1444292 1444458
1445248 1445311
1452115 1452858
1453497 1456390
1456925 1457792
1471156 1471316
1500394 1500624
1501174 1501627
1502558 1502939
1504048 1504119
1509660 1509852
1514265 1514464
1521041 1521248
1526843 1527033
1536545 1536797
1542966 1543142
1561799 1561856
1562077 1562129
1562442 1562885
1563049 1563159
1563327 1563400
1563629 1563681
1564526 1564604
1565893 1565965
1566188 1566265
1590262 1591527
1592608 1594578
1599308 1600882
1601699 1605138
1606422 1606518
1607199 1613345
1614653 1615337
1615929 1617513
1618707 1620801
1625711 1627053
1629675 1630810
1632431 1646045
1646796 1652018
1652672 1653100
1653192 1653389
1653582 1656284
1657242 1657496
1665374 1665503
1666287 1668491
1669237 1669308
1670727 1670813
1763523 1764053
1765877 1767191
1773237 1773362
1780248 1780334
1783157 1783247
1784790 1790335
1790847 1791751
1794094 1794344
1795447 1798723
1799560 1802324
1803078 1803546
1892296 1893476
1893584 1895093
1909367 1909597
1917873 1919371
1928711 1928919
1929693 1931500
1935222 1935327
1937238 1939930
1941078 1942453
1942540 1946805
1946955 1949963
1950035 1958643
1959510 1959592
1959681 1961326
2032415 2035160
2125167 2128681
2149339 2149406
2151137 2151437
2177131 2180540
2181518 2184868
2187629 2188828
2190222 2192081
2192448 2192517
2192656 2194196
2196828 2197522
2198518 2204574
Tb927_08_v5.1
10127 10699
12304 17002
26240 26795
28327 28881
30606 30854
33306 33871
35127 35359
36196 36974
40061 40581
44121 44384
45313 46115
48285 48445
49185 49255
49360 49667
49859 49955
52247 52307
53625 55769
56512 58080
58842 60866
69169 69370
70460 70612
74602 76360
76454 76797
78051 78410
80647 81020
82209 82586
84384 84715
85236 85528
86063 87541
88181 88792
88890 89345
90008 92206
92745 94067
95673 96198
104181 104671
105524 105575
105871 106302
112247 112875
113275 113357
116265 116794
119653 119826
120623 120820
121286 123369
126045 126377
127856 132734
133238 133321
136948 137160
138156 138459
141308 141788
142661 144663
144741 145165
206281 206388
206946 207092
208562 208932
210224 210516
279167 279311
279885 280118
280381 280451
280517 280645
280728 280788
288375 288746
297412 298724
299251 307885
309197 309568
370126 372507
376332 382388
386121 386894
429403 430082
453861 458989
458991 459897
459899 459987
460048 460356
461496 463350
533906 536995
537223 543640
550229 551437
653576 654445
655622 657530
691370 691630
692209 696665
837742 837976
844809 846119
862641 863156
881788 887965
888671 889907
958312 958575
961535 961742
1014906 1015150
1028387 1029855
1036207 1036470
1036748 1038667
1039976 1044614
1051733 1051968
1054969 1055204
1061288 1062271
1062390 1062464
1085468 1085881
1087272 1087578
1088832 1090942
1092373 1092482
1093013 1095134
1103096 1103284
1131358 1131575
1132299 1132544
1133675 1133837
1136015 1136214
1145598 1145770
1152490 1155297
1158424 1164289
1174996 1175670
1176914 1177487
1180997 1181297
1195079 1196147
1198782 1199564
1200074 1200380
1202202 1203348
1207969 1211820
1213044 1217937
1219396 1219610
1380193 1386095
1387521 1394417
1407266 1409760
1410668 1411461
1412772 1412910
1465741 1467201
1474876 1483005
1535981 1536212
1613347 1613697
1617406 1619104
1619605 1620552
1878099 1878505
1892060 1892599
1894398 1895428
1942713 1943276
1944392 1944682
1945411 1946193
1947096 1948618
1953814 1953907
1955238 1955748
1999427 2007623
2008131 2009864
2013300 2013626
2027540 2029138
2038299 2038617
2057152 2058333
2059438 2059992
2097648 2101757
2109471 2112189
2127181 2127870
2134518 2134829
2137760 2141487
2144699 2145566
2150507 2150562
2170933 2173152
2187238 2187858
2189542 2189784
2194863 2205345
2206147 2206376
2207317 2212062
2215314 2219291
2231345 2231738
2233050 2233103
2233164 2236556
2237607 2237936
2267070 2267174
2298332 2301131
2301311 2307111
2307670 2310352
2311177 2311811
2311990 2312812
2314308 2316057
2316097 2316262
2316264 2322668
2322872 2327005
2327193 2334657
2335295 2336601
2388327 2388732
2389507 2390028
2391645 2392619
2395207 2396156
2397902 2399199
2400798 2400920
2417411 2418147
2419434 2425061
2425865 2426570
2427546 2428472
2429284 2430251
2430875 2434646
2435973 2437300
2437426 2437750
2437918 2438473
2440003 2442874
2443596 2444602
2445720 2445889
2450725 2450892
2467247 2467988
Tb927_09_v5.1
937 1033
1108 1172
1951 2161
2245 2393
2472 2577
2653 2877
2961 3402
3643 4170
4261 4391
4469 5542
5856 29075
29325 29451
29595 29929
30112 30166
30531 31294
31554 32232
34540 34723
34795 34881
34965 37313
37413 37732
38648 38901
39678 41077
41371 41943
42391 44031
45376 45426
46149 53814
54011 54465
54582 54765
56072 56973
60999 61236
63157 63312
63525 64321
64622 64944
66255 67451
69175 70205
71200 76392
76596 76881
77290 78158
78434 85112
86019 86990
87088 87473
89911 90857
91672 91762
94969 96211
97718 99210
99440 99865
100427 100993
101627 102259
103504 104013
104390 105060
106186 106267
108499 109292
110324 112163
112913 112981
113065 113295
114675 115545
115916 116317
117330 117929
127895 128327
128463 128842
128914 129387
129480 130141
130787 132189
132379 137343
137424 137833
138160 141603
141690 141798
142930 143724
144568 146529
146663 147203
147517 152632
152813 154466
155212 157402
158099 160454
163835 166878
167400 169997
170238 170823
170920 171147
171225 171743
172052 173439
175057 175234
175316 176955
177215 177297
177440 178070
178177 178468
178546 179179
180692 182021
182153 186781
187088 187174
187642 188129
188213 189950
190028 190163
192655 193404
195918 196177
198591 199195
203204 204794
204894 204984
205615 206034
207039 210492
210934 211915
213280 213476
213554 221186
221273 221581
221805 222225
222443 223999
224514 225554
226301 227721
227853 229304
230638 231754
231847 232192
232300 232599
232703 232795
233590 236222
237222 238279
238586 239264
239516 249148
249656 255950
256832 257337
257484 257769
257841 258726
259251 260592
261258 262021
263607 269389
270546 272181
272579 272660
274088 274302
275166 277406
279445 279512
279700 279764
279834 282822
283030 283881
284078 284254
284386 286619
287286 290462
290533 295579
295809 297570
297642 298641
299072 306249
306650 306768
307654 307737
308262 308429
309611 312269
312709 313106
313319 313635
314585 314928
315121 316285
316424 316574
316947 317391
318937 320055
320339 320707
323071 324279
325053 325177
326294 326633
327896 328103
334347 334663
335319 335493
351788 352633
369906 370155
377378 378405
439778 443168
470749 474363
519140 519404
534451 555816
609080 651671
666669 666977
689512 689802
691079 692582
744066 745067
746799 747235
764421 764661
766019 772428
776732 777635
779308 779861
799472 803459
866780 866963
868053 868277
904295 904926
910627 911322
1008962 1011839
1029569 1030448
1033387 1034201
1044061 1048660
1121410 1121728
1122726 1123478
1153507 1153824
1185966 1191219
1191290 1192565
1192684 1195804
1196802 1197657
1198533 1198726
1199558 1200855
1201576 1201748
1202208 1204221
1204317 1204483
1206099 1213554
1213738 1221587
1287805 1289089
1289768 1321771
1335932 1336540
1425594 1426757
1432916 1434822
1498747 1499527
1500128 1501003
1502094 1504137
1504920 1505827
1673276 1674938
1675852 1686246
1737052 1737731
1771230 1771964
1836471 1838208
1901794 1902071
1917166 1918880
1967045 1971644
1975222 1985878
2084898 2085610
2098818 2099410
2122094 2122265
2171383 2174915
2178596 2179983
2180553 2181048
2197690 2197934
2198552 2198780
2202355 2203199
2265150 2266098
2266179 2266529
2266609 2267576
2268428 2271677
2272314 2272889
2284059 2286612
2289286 2289825
2290950 2292231
2293936 2294990
2295547 2302817
2303246 2330849
2332386 2336466
2375855 2375930
2408181 2408599
2408947 2409023
2411858 2411985
2415518 2415722
2417854 2417941
2418625 2418701
2419064 2419114
2420540 2420786
2421432 2441032
2441546 2445624
2459216 2460475
2460586 2463247
2463406 2464115
2464419 2505177
2505346 2505408
2505567 2505623
2506086 2506162
2507071 2507127
2507763 2507948
2508101 2508163
2508364 2508631
2508797 2508862
2509031 2509137
2510344 2510532
2510721 2514210
2514714 2519072
2520745 2520958
2526075 2527228
2527879 2528988
2529938 2538171
2539506 2541602
2545346 2545973
2546337 2546401
2546525 2551992
2553098 2553588
2553682 2555528
2555712 2556203
2556561 2556802
2557307 2559032
2559114 2559418
2560012 2588212
2592327 2604961
2605481 2612488
2612637 2620168
2620266 2625797
2625902 2626486
2626721 2632015
2632894 2638110
2638562 2645980
2649215 2654731
2655565 2655886
2656137 2656533
2656618 2656912
2657101 2657868
2658116 2660374
2661247 2662248
2662911 2662971
2663099 2663776
2663882 2664342
2664416 2664830
2665175 2665603
2665674 2666212
2666401 2669121
2669214 2676223
2676514 2678205
2679643 2679853
2679958 2680096
2680436 2681879
2682194 2682563
2682995 2690133
2690200 2691432
2692084 2697838
2698004 2698695
2699068 2701577
2701821 2704076
2704217 2704534
2704657 2705004
2705206 2705401
2705703 2715863
2715951 2718114
2718202 2719116
2719239 2720114
2720266 2720353
2720436 2722467
2722779 2722966
2723796 2725428
2726591 2728592
2729112 2729322
2729399 2729511
2729921 2731943
2732341 2747922
2748140 2749536
2752893 2757526
2757918 2757995
2758185 2758531
2760672 2768107
2768496 2769994
2770083 2771481
2771832 2772158
2772410 2774332
2774515 2774647
2775009 2776030
2776292 2779182
2780257 2780475
2780999 2781060
2782132 2783328
2783637 2787052
2787388 2789046
2789479 2789657
2789733 2791064
2791186 2791855
2792048 2795408
2795503 2800610
2800677 2804603
2804985 2806178
2806332 2806404
2806482 2810580
2810683 2810860
2810942 2815630
2815822 2817178
2817363 2817528
2817641 2818065
2818324 2818377
2818591 2820506
2820663 2820826
2821545 2821669
2822009 2823841
2823966 2824797
2825248 2825357
2825641 2828524
2828974 2830362
2830491 2832470
2832709 2835006
2835086 2844404
2845347 2847480
2847780 2849621
2849733 2853405
2853471 2853770
2854185 2863239
2863327 2870435
2870803 2877310
2877402 2887556
2887838 2888191
2888286 2889013
2889273 2900973
2901148 2901298
2901829 2902077
2902174 2902523
2902627 2904120
2904666 2905813
2906075 2915928
2916045 2916765
2916933 2917784
2918672 2919634
2920725 2920774
2921263 2921617
2921862 2923243
2926690 2927043
2927285 2928120
2928466 2929112
2929658 2930774
2931042 2931713
2931814 2933862
2934368 2934850
2935013 2935693
2935797 2936126
2936641 2943062
2943349 2945859
2946103 2959389
2959541 2965770
2965836 2966082
2967842 2968087
2968193 2968632
2969121 2969913
2970381 2972204
2972326 2973264
2973536 2976594
2976706 2977554
2977851 2979759
2980015 2980455
2980673 2981817
2981990 2986976
2987069 2992828
2992977 2995714
2995943 2996061
2997121 2998404
3000414 3005560
3006641 3009515
3009583 3010595
3011250 3011370
3012254 3012446
3012656 3018286
3021369 3021606
3023845 3025768
3028781 3028910
3029326 3029469
3030088 3030706
3034237 3036067
3036219 3037170
3037555 3038026
3038184 3041089
3041258 3042880
3043536 3044583
3045536 3045966
3046386 3048194
3063136 3063224
3063582 3064002
3065452 3066249
3067200 3067384
3067827 3068923
3069071 3072357
3073974 3074091
3074346 3077216
3077330 3077821
3078104 3078696
3079010 3079441
3080093 3085256
3085399 3097181
3097697 3100243
3100386 3101167
3101299 3103975
3105559 3106268
3107239 3107519
3107983 3108065
3108517 3108605
3109096 3114928
3115594 3148205
3148320 3149279
3150280 3150346
3151004 3157347
3157425 3161782
3162105 3162290
3163493 3164008
3164239 3170381
3170455 3178266
3178977 3180277
3180450 3182027
3184508 3185660
3187047 3187274
3188544 3191197
3191422 3193400
3193478 3193568
3193760 3194120
3194206 3194281
3194352 3199080
3199295 3201380
3202586 3205404
3207341 3207900
3208630 3210646
3212444 3213716
3213852 3214203
3217846 3218991
3219527 3222788
3223780 3225837
3225935 3226100
3227324 3232854
3233230 3235846
3236656 3237102
3238590 3239842
3240170 3242033
3242604 3243884
3245405 3245708
3247290 3248672
3251007 3251957
3252738 3254808
3256430 3256701
3256916 3257675
3257803 3262874
3264111 3269520
3270343 3270506
3270660 3273371
3273633 3275670
3277470 3278349
3282696 3287744
3294067 3294624
3295229 3295417
3295829 3297774
3297852 3298856
3299048 3300661
3300738 3301977
3302416 3302519
3305816 3310421
3310730 3311902
3312647 3312971
3313063 3313168
3328022 3342875
3343698 3346492
3348097 3348308
3349305 3355401
3356849 3356985
3357350 3358403
3358957 3359047
3359206 3360500
3360850 3364724
3365283 3372959
3375666 3375965
3376966 3382876
3384037 3385942
3386909 3406554
3407478 3408652
3409654 3410079
3410156 3410218
3410823 3411428
3411695 3424092
3424521 3426359
3428856 3428916
3429510 3443569
3443689 3448757
3451364 3451549
3451722 3451865
3453180 3453288
3454957 3455055
3455420 3457727
3457812 3457902
3458320 3459033
3460166 3460403
3460855 3461288
3461358 3461508
3461617 3461862
3462655 3462733
3463112 3466295
3467406 3468230
3468325 3473087
3473649 3478645
3478747 3478863
3478942 3479430
3480696 3480801
3481100 3481390
3483284 3483860
3484182 3484303
3484404 3484916
3485151 3501425
3502269 3502961
3503028 3503299
3505723 3505934
3507318 3508599
3509088 3518064
3518790 3523722
3523928 3524895
3525001 3528632
3528793 3529288
3529366 3541816
3541921 3542276
3542377 3542885
Tb927_10_v5.1
1 903
1250 1338
1425 5662
5731 17049
17435 17971
18056 24812
24987 25399
25988 31886
32654 32902
33379 33503
33951 36132
36227 36443
36626 39953
40264 48958
49469 54937
55068 56795
57432 57662
57910 57992
58313 58701
61052 63254
80148 80353
81969 82203
82283 82336
83203 83384
89365 89692
106393 106568
107081 107336
122445 122628
127661 127846
133699 134143
136201 136902
138575 139131
139466 139647
139951 140106
140264 140405
146350 146590
147098 147430
151666 151978
152948 153400
157682 157920
160008 160188
162987 163256
180656 180788
185372 185614
189238 189577
216628 216800
228164 228343
239924 241713
243602 244560
270555 270795
277923 278621
279903 280370
280898 281541
282164 284092
291806 292181
298410 298573
328888 329707
330512 331412
361815 362357
366334 366546
368155 368220
369199 369404
380792 385223
390536 391827
394089 394210
394400 394535
419713 419955
421947 422063
449671 451416
451674 451974
472400 473174
474332 475107
521586 521642
546922 551203
570547 570806
617437 617951
624235 624406
640410 640932
643260 643486
650677 650915
655577 655775
664189 664366
703816 704047
728979 729186
765179 765355
799449 800110
828139 828772
873080 873980
886904 887198
950263 950425
1077744 1077868
1127158 1128343
1134568 1135709
1203737 1204035
1206830 1207084
1233578 1234722
1244972 1245228
1333853 1334158
1404092 1405385
1405526 1406003
1420768 1422041
1489535 1492938
1531004 1531099
1617305 1617530
1631608 1631938
1647874 1649708
1695239 1699923
1702007 1705171
1732331 1737914
1749460 1760168
1786278 1786343
1800805 1801920
1805999 1808539
1930344 1930566
2094371 2101464
2102258 2117415
2127840 2129325
2157961 2158075
2176437 2176541
2343012 2345599
2404732 2404868
2440807 2441048
2517543 2517999
2518216 2518581
2518699 2519414
2519768 2519906
2520054 2520703
2523698 2532822
2549283 2558131
2571386 2583092
2583717 2585450
2642986 2643379
2654636 2679939
2701033 2707373
2745226 2745279
2785104 2785857
2792395 2792841
2812555 2812930
2832038 2832302
2843116 2843182
2843944 2844050
2845072 2845161
2873432 2873580
2875023 2875084
2875283 2875357
2875584 2875660
2876882 2876998
2896420 2897020
2998473 2998792
3033084 3037810
3053628 3053903
3076073 3076253
3104398 3104692
3109426 3109720
3169125 3170183
3170663 3170799
3171027 3171866
3269298 3272398
3274596 3275215
3313845 3321317
3344656 3345460
3348656 3349361
3398292 3399113
3427992 3428386
3580177 3583115
3592104 3592754
3613360 3616643
3620929 3621248
3688261 3690584
3691540 3692134
3744776 3744905
3747591 3747642
3748846 3748901
3749017 3749069
3749296 3749391
3750209 3750274
3750393 3750498
3750597 3750725
3750827 3750930
3751013 3751104
3751192 3751253
3751405 3751468
3752306 3752413
3753262 3756784
3756903 3756970
3757051 3757133
3757377 3757541
3757807 3757902
3758367 3758814
3758893 3758981
3759299 3759508
3760011 3760079
3761840 3762223
3762413 3762500
3848426 3848891
3855289 3860550
3861229 3862028
3862232 3862391
3881921 3886225
3890635 3892571
3893730 3893885
3941436 3941780
3946386 3946549
3947499 3947948
3977176 3981152
3982190 3982698
3984153 3988676
3988818 3991622
3991918 4015145
4015230 4018390
4018740 4019707
4019854 4020629
4021707 4024712
4024994 4025614
4026016 4026768
4026960 4027648
4027732 4027870
4035312 4042707
4043258 4043656
4044543 4045042
4046391 4047225
4047895 4048518
4048717 4052224
4052494 4052661
4052765 4054320
4054421 4056213
4057218 4057347
4057500 4059527
4059698 4060100
4060350 4060476
4060827 4067528
4068220 4069259
4070663 4070962
4071997 4072248
4072542 4073428
4073509 4074513
4074674 4074754
4074923 4075202
4075283 4076614
4077170 4077253
4077733 4077883
4078280 4078982
4079674 4079933
4080057 4080390
4080889 4081153
4081652 4081785
4082641 4083390
4083613 4084567
4084652 4086666
4087050 4088834
4089027 4089107
4089634 4090762
4090852 4091237
4092894 4093341
4095489 4095557
4096636 4097556
4099171 4101426
4102759 4103842
4105896 4106147
4106256 4109397
4109773 4110238
4113554 4114028
4114607 4116523
4116815 4119211
4120033 4121990
4122639 4122762
4122902 4123882
4124074 4124741
4124835 4128606
4128682 4129983
4130145 4135611
4135757 4138698
4138860 4139094
4139176 4139266
4139439 4139517
4139584 4139848
4140156 4140627
4140738 4140818
4141063 4141138
4141267 4144375
Tb927_11_v5.1
1 219
405 1488
1566 2020
2285 3055
3512 5704
5891 6245
6423 6580
7647 8002
8107 8164
8299 10011
10098 24206
24755 25041
26080 30730
32453 32723
34006 34208
119151 119281
122364 122495
122567 122704
122814 122899
123114 123271
127076 127176
127322 127452
132903 133312
173122 173283
177745 181103
182073 182497
217726 217897
230291 230508
250358 250737
279319 282104
284252 296579
296680 312097
313157 314017
318848 319057
321616 322001
332127 332194
377653 377823
443976 444202
444804 447807
447909 449530
452027 456320
456422 456474
458704 462845
464409 464718
465850 466941
467043 468714
468816 468896
476133 480898
481438 481887
523539 523697
537199 537994
538672 538845
552959 554337
602159 602320
633909 635310
652790 654842
690846 692534
692788 697712
697790 698093
701886 702507
735054 735227
766855 767006
808018 808227
820834 821016
821395 821626
822137 822201
822320 822370
822455 822514
822975 823052
823532 823895
837619 837673
846862 847166
877431 877614
881791 881986
891427 891623
892763 893030
969173 969712
971139 971400
1050878 1051280
1052661 1052756
1064355 1067246
1068169 1071900
1118953 1119301
1137032 1137219
1191230 1191558
1196469 1200591
1202746 1203262
1254015 1254256
1299654 1301663
1364835 1365463
1369056 1370995
1372245 1377157
1396838 1396998
1682273 1682419
1900550 1901165
1983638 1984899
2047193 2047590
2110588 2120129
2150961 2151126
2152585 2152809
2154046 2156266
2156383 2161485
2161764 2164125
2164273 2167129
2172154 2174599
2176798 2177422
2186686 2187208
2187635 2188177
2188682 2198594
2198826 2199296
2211794 2211919
2212542 2212833
2214508 2214695
2214826 2214910
2215259 2215393
2215777 2215830
2246551 2247833
2377521 2383416
2384019 2385796
2386501 2390427
2391984 2397045
2424717 2425000
2427737 2432421
2432499 2434448
2470095 2473493
2474138 2476936
2477678 2478744
2542164 2542582
2543954 2544184
2633099 2633555
2675201 2676796
2756322 2756884
2843462 2849431
2927859 2929574
2958374 2958657
2967652 2970712
2972018 2972257
2972379 2975181
3009809 3010076
3020954 3021400
3028747 3029193
3045455 3046898
3073683 3073886
3075888 3076451
3091182 3091487
3093297 3094701
3097748 3099745
3112163 3116294
3145298 3145501
3146937 3148376
3214584 3217842
3317584 3317709
3369369 3369500
3423608 3430765
3473015 3473229
3485530 3488375
3497067 3498354
3513226 3513556
3531444 3533395
3700196 3700366
3758523 3758731
3778758 3778832
3779652 3779721
3780416 3780586
3781553 3781608
3782482 3782533
3783270 3783462
3877367 3877931
3881598 3881775
3883033 3884796
3920132 3920294
3920553 3920605
3920692 3920818
3951350 3951620
4013226 4015308
4029083 4029323
4036485 4036658
4063353 4063428
4083674 4084698
4102971 4107455
4116019 4116651
4126883 4127265
4194503 4196816
4200053 4201354
4221348 4221784
4223432 4225018
4280238 4280410
4281000 4282080
4286948 4287631
4383393 4383487
4384004 4384112
4385034 4385161
4385438 4385524
4385708 4386074
4386273 4386426
4387427 4387534
4387749 4387833
4388043 4388278
4465888 4466066
4477186 4477457
4497414 4497519
4498226 4498324
4501831 4502070
4525725 4525974
4549729 4550127
4550735 4550819
4552848 4555802
4556567 4556813
4557954 4558462
4559012 4565158
4566401 4567115
4567328 4567385
4567464 4567704
4568147 4572462
4572529 4574001
4574082 4590191
4591026 4592350
4593202 4593306
4593377 4593610
4594154 4594218
4594338 4599041
4599743 4609009
4614716 4614832
4614915 4615199
4616877 4617364
4620080 4620604
4620831 4620967
4621699 4622231
4623317 4623714
4623795 4623845
4627151 4627480
4628233 4628572
4628863 4630399
4631192 4632867
4634070 4640485
4647163 4655840
4655943 4672019
4672099 4674367
4674461 4674678
4674749 4675578
4676253 4676422
4676500 4676647
4676880 4677640
4677762 4678163
4678364 4679452
4679699 4680073
4680152 4680887
4681677 4681742
4682041 4690088
4690358 4696924
4697209 4697303
4697552 4697659
4700667 4700932
4701613 4702836
4703827 4705183
4705396 4705588
4707437 4707626
4708080 4716412
4716966 4717360
4717451 4733788
4734491 4734665
4736191 4743050
4743165 4745676
4745901 4747062
4747164 4748170
4748364 4749026
4749116 4751200
4752369 4753531
4754240 4756787
4758621 4759843
4760179 4760281
4760506 4760562
4760642 4760865
4761179 4761315
4762522 4763614
4763926 4764045
4764731 4765306
4765490 4765805
4766302 4766473
4767084 4767812
4768025 4772086
4772384 4779362
4780027 4780310
4780619 4780893
4780975 4781281
4781642 4782370
4783299 4783503
4784398 4784911
4785215 4785832
4785910 4786054
4786132 4786941
4787013 4787988
4788703 4789143
4791272 4791585
4793122 4793375
4793565 4793709
4793810 4794315
4797051 4797288
4797535 4797982
4800665 4800837
4801343 4801596
4801801 4801954
4802127 4802314
4802489 4803108
4804354 4804594
4805787 4806125
4806711 4807043
4808490 4810301
4810815 4812668
4813312 4813601
4814306 4815455
4815599 4815747
4816152 4816486
4816640 4816801
4817039 4818524
4818651 4818893
4819105 4819180
4819271 4819422
4819608 4820168
4820967 4821714
4822268 4822572
4825073 4826194
4827162 4827477
4828808 4832231
4833235 4833527
4834243 4834686
4836786 4837660
4838171 4839181
4840128 4840390
4840509 4840644
4841403 4841635
4841902 4843312
4843611 4843933
4845456 4845633
4849140 4849838
4850061 4850466
4850826 4851797
4855285 4855506
4858647 4858969
4865886 4865983
4866800 4867874
4874281 4874335
4875455 4875730
4876471 4876833
4876919 4878485
4878672 4885443
4885541 4886132
4899737 4899877
4900367 4902825
4903008 4904535
4906168 4907464
4908598 4908994
4911315 4911637
4912763 4912954
4913143 4913836
4919223 4919339
4930209 4930287
4931149 4933576
4933709 4933818
4934383 4934631
4936079 4936876
4937510 4937776
4937875 4938322
4938529 4940103
4942461 4943324
4943796 4944789
4944911 4950750
4950853 4959137
4959357 4960348
4960434 4961019
4961116 4962002
4962215 4963545
4963648 4967772
4968326 4971533
4972318 4972563
4973907 4973959
4974516 4974854
4974938 4975018
4975750 4976130
4976607 4977550
4978644 4980212
4980414 4986649
4986727 4989690
4991625 4996499
4996846 5000639
5002130 5004942
5005753 5006342
5006618 5009651
5011697 5012302
5012583 5019701
5021957 5022172
5022251 5022769
5023181 5023478
5023660 5025609
5025879 5031722
5032096 5035101
5035203 5036199
5036362 5037290
5037375 5037978
5039588 5039719
5040598 5042032
5043489 5043715
5044084 5062618
5062747 5062853
5064597 5065064
5065281 5069094
5071098 5071662
5075359 5076721
5077221 5078566
5078787 5079174
5079471 5080288
5083363 5093625
5098794 5102840
5106552 5106736
5108836 5108895
5109420 5109512
5109933 5110159
5111959 5112426
5113564 5117642
5118088 5118179
5130354 5140504
5140631 5191655
5192220 5193785
5194054 5198043
5198118 5198207
5198445 5199083
5199156 5199270
5199337 5199467
5199469 5199879
5200134 5200230
5200347 5200549
5200617 5200956
5201217 5201313
5201460 5204487
5204721 5223313
Tb927_11_LH_fork_v5.1
1 14430
Tb927_11_RH_fork_v5.1
1 98
1926 3813
5133 15990
19262 21712
21837 34350
34672 36079
36176 37059
37300 40365
40657 40985
41106 45498
45724 48086
48244 48610
48856 49148
49291 49907
50207 61045
61139 61437
63132 63918
64187 67550
67639 68068
68554 73351
73750 76647
76816 85144
85276 106224
106627 107119
107856 108023
108676 114981
115064 115282
115373 115973
116109 116160
116303 117953
119948 120824
121879 122461
123019 124442
127406 127587
127808 128690
130771 130961
131100 131165
132793 135861
137724 137949
139855 144754
149165 149405
149657 151190
151345 158792
158910 163311
163642 170304
170371 173191
175703 190656
191226 206897
207324 209635
209897 212317
212395 215317
215740 215856
216046 217366
217559 217797
218903 219070
220057 221300
224203 225017
225289 225928
226179 226689
227928 228820
228980 237682
237805 247011
247133 247958
248104 249035
250364 250465
250815 260047
260122 274679
274824 277098
277375 277695
277768 278250
278485 278781
279106 279699
279952 280101
282515 285827
285930 286024
286390 287283
287782 289103
289180 289518
289655 299058
300705 301658
302340 302620
304020 304722
305127 306007
306330 306419
307386 307514
307667 307729
307851 308367
308830 308960
311169 312475
312569 315309
315382 317301
318300 319789
322482 322881
324219 324478
325210 327827
328220 329912
332656 333113
333324 333635
336101 336915
337963 338320
338988 339720
341501 342129
342518 344180
344251 344330
344400 344653
344897 352060
352168 352559
352906 353283
353589 354570
355068 355122
356368 356843
358193 358806
361418 361780
363687 363901
366974 367776
367862 368120
370151 371479
371974 372025
372915 373779
379519 379571
379863 381103
382525 384188
384824 384932
387609 388491
389119 391156
391592 392091
392311 393002
393152 394790
395331 395439
395786 398138
398270 398326
398452 402149
402521 405965
406111 411078
411477 415112
415232 415504
415618 415979
416129 426597
426890 429384
429470 430750
430831 431259
431337 431490
431591 434507
435179 438112
438373 439188
439299 439749
439895 444051
444965 447293
448292 450584
450687 451424
451883 452281
452932 453002
453249 453410
453648 454234
455320 455393
455988 456727
457062 457218
457451 458371
458958 459079
459626 459761
460024 460985
461685 466120
467494 468207
469991 470166
471304 471509
471729 472055
472238 473274
475275 476005
478986 479574
482559 483266
485637 485888
485966 486040
487297 487354
489832 490075
490382 491855
492866 496177
496355 497418
499138 499324
500357 500856
501232 503203
503269 504808
506565 506710
507554 507993
508070 508171
508585 509022
509269 509791
509967 510642
511565 511708
511844 512858
513200 516918
519129 519690
520001 523341
524240 524937
539548 539749
542284 542528
542669 543253
544027 544223
545946 546610
547467 548185
554050 554268
555649 556448
556564 556662
556867 557794
559836 560062
560198 560259
561235 561287
561771 580669
580853 582456
582799 583132
583276 591154
591232 591485
591601 592029
592120 605013
606090 612074
612182 612940
613219 624950
625337 625884
628332 631406
631723 632127
632296 634084
634170 635972
636103 636814
637057 647133
647276 652548
652680 654494
655843 667718
667842 667968
670791 670951
671639 673017
675600 675664
676138 678667
679932 680065
680227 680335
681096 683341
683539 684073
684209 685097
685597 686888
687264 687752
687912 687992
688837 688995
689496 689667
690223 690661
690806 704210
Tb927_11_Homologues_1_v5.1
1 1952
Tb927_11_Homologues_2_v5.1
1 1546
Tb927_11_Homologues_3_v5.1
1 942
4502 20408
11L3_v3
53954 63482
5K5_v5.1
1 36906
39666 39867
62225 69074
69700 71259
74292 74547
74616 75323
75564 75980
76292 76602
77084 77243
80471 90198
90307 95323
95384 95537
102196 102372
102441 103188
105551 106921
107911 108471
114359 115673
116180 116521
119313 119701
122498 122962
125800 126069
126206 132747
133089 136405
136494 137863
138261 138406
146352 146642
146760 146816
148950 149607
152678 152734
154282 154402
GTRYP_4071_4094_1a01.w2k4071
1 4920
5249 8503
8569 10802
11347 11443
11545 18466
TP26M21_2a10.p1k
1 26841
27427 28717
29029 39798
TP26P4_1a02.q1ka
1 410
2100 16439
TP26P4_3b07.q1k
1 3007
3073 4361
4456 4971
5075 5234
5317 7853
8009 8285
8378 9542
9979 10665
10769 12824
13750 14666
15535 17108
17194 22131
24027 24340
25248 26105
26526 26719
26801 27038
27460 27619
36273 36436
38734 38788
39191 40559
41765 42200
42389 42477
43989 44634
48330 48553
50659 50748
53283 56260
TP26P4_5g04.p1k
1 7984
8077 9475
9745 13037
TP26P4_6c09.p1k
1 4964
5348 7465
8031 8885
10236 11688
12127 13642
13985 14194
14857 15163
16041 16240
16848 17002
17572 19078
19170 20979
21890 24078
24674 25080
TP29O12a_1b01.p1k
1 5382
8363 8790
9141 10557
10818 11774
11929 12224
12406 14647
15507 16276
16421 29117
TP3F6_6f06.p1k
1 26266
TP3F6_6h01.p1k
7 4404
4627 13990
TPB1C9_1a08.q1k
1 858
4094 4283
5727 11334
Tb927_11_bin_v5.1
1 687
810 4952
5425 7532
7785 7840
8076 16394
17184 17500
17572 17980
18758 19044
19333 21347
21524 21665
21782 23414
23758 24564
24942 26249
27435 32305
32512 33105
33181 40559
40887 41011
41858 42118
42212 45896
46079 47828
48006 48770
51661 52271
52356 52516
52988 55578
55886 56427
56687 57079
57461 57528
57840 58104
58216 58521
59397 59611
61448 69327
69412 71361
71475 77605
77897 78229
79380 80871
80968 83198
84510 85437
85817 89289
89530 92103
92194 92270
92877 93016
93968 94422
94812 95159
96240 97717
98606 98913
99357 100839
103148 105066
105315 106311
106480 108214
109065 109445
110121 110294
110822 111385
111509 112204
113292 113727
115817 115905
116569 116869
119550 120843
122543 123528
124427 127047
127570 128824
128894 128966
129144 129214
129353 129472
129573 210975
212275 220683
222051 222898
223526 226467
227915 236512
237567 258201
258302 258839
259595 325825
325926 342397
361613 363393
364263 365774
366280 367650
368270 374475
374669 378709
381162 386421
387369 388470
388571 419371
422516 422725
425899 428058
429496 429593
437889 441997
442339 445852
445953 446749
446751 511440
511541 538024
538026 540729
540830 569601
569702 596376
597345 601341
601912 603995
616670 620376
620890 621022
621123 645882
645983 662608
668615 669405
669506 692921
693022 693259
694253 699540
699631 701747
702189 710458
710532 710919
711008 711695
713376 714842
714908 714975
715076 732913
733014 735524
735646 736525
736704 737010
737378 739277
739715 742721
743046 747814
747989 763041
763142 770614
770616 780769
780950 782804
782873 786963
788101 793478
793579 806249
806251 809720
809964 810070
810240 810517
810615 812884
812993 815319
817450 819046
819147 831451
831453 831673
831879 844396
844497 846715
847010 847729
848654 849329
850132 851329
853321 853937
855284 855640
855842 856133
856234 871244
871368 871738
871898 877128
877229 879106
879219 881733
881863 886883
886991 898987
899088 909185
909286 911459
911494 911585
912464 913100
914451 915349
915627 916767
917401 919515
919616 922540
922615 923398
923549 923710
923808 924268
924375 927857
928048 928403
928551 928616
928874 928967
929079 929761
929862 929921
931003 933996
934917 939372
939473 940315
941154 941959
941961 949216
949317 956784
956786 958688
958789 961360
961385 961609
961724 962601
962603 968285
968386 973867
973869 976351
976396 977622
977723 987006
987107 996467
996568 1005484
1005585 1014424
1014525 1023667
1023768 1032684
1032785 1036515
1036536 1039563
1039565 1041600
1041701 1044068
1044070 1044365
1044372 1050392
1050493 1063454
1063566 1065808
1065929 1067790
1067891 1071698
1074822 1076526
1076627 1076833
1076835 1085008
1085109 1091639
1091740 1091913
1094155 1098845
1099180 1100103
1100204 1108393
1108494 1116547
1116648 1120969
1121145 1124725
1124826 1132949
1133050 1141100
1141201 1143462
1143472 1148889
1148990 1153894
1153908 1156507
1156608 1158442
1159624 1160033
1160163 1164159
1164260 1171899
1172000 1179533
1179535 1184860
1184901 1187006
1187107 1187856
1187858 1194494
1194595 1202028
1202129 1209394
1209495 1215922
1215924 1216105
1216134 1216886
1216987 1217339
1217360 1220062
1221059 1224614
1225356 1230776
1230850 1230992
1231186 1258901
1258903 1263714
1264067 1274400
1274402 1290861
1290863 1293380
1293382 1307238
1307240 1320870
1321164 1321631
1321747 1339361
1339363 1359111
1359435 1391659
1391661 1402126
1402128 1404825
1404893 1405568
1405570 1406377
1406462 1417191
1417193 1425646
1426258 1446501
1446650 1450602
1450987 1469518
1469710 1471164
1471405 1471887
1471889 1476393
1476396 1476486
1476519 1477653
1478583 1484587
1484589 1485581
1485583 1488412
1488949 1490331
1490439 1491392
1492592 1537632
1537825 1544981
1545082 1550567
1550571 1569994
1570157 1570616
1571232 1571915
1571920 1572444
1572772 1573464
1573466 1582796
1582798 1583482
1583995 1585419
1587099 1587515
1587842 1597755
1597890 1608779
1608794 1612837
1612839 1614074
1614076 1623899
1624064 1627843
1627845 1639526
1639528 1644175
1644177 1650151
1650163 1683730
1683748 1693092
1693094 1696384
1696386 1700892
1700894 1712439
1712441 1713688
1714779 1714855
1714965 1722027
1722029 1732211
1732213 1754229
1754823 1756207
1756228 1756440
1757276 1764437
1764451 1778324
1778326 1778391
1778393 1787650
1788249 1795528
1795537 1796794
1796796 1803106
1803802 1811390
1811715 1811772
1812374 1823674
1823676 1852597
1852599 1852948
1852950 1858601
1858632 1858875
1859489 1862031
1862179 1871954
1871982 1875916
1876196 1876997
1877755 1884276
1885078 1892945
1892948 1893004
1893006 1903851
1903929 1904680
1905236 1915466
1915637 1915844
1915935 1924514
1924516 1924600
1924602 1932450
1933290 1934502
1934744 1935404
1936251 1949390
1949392 1983642
1984260 1984598
1985256 1985723
1986382 1988223
1988225 1991067
1991070 1997858
1997860 2010203
2010205 2011654
2011656 2012721
2012849 2020649
2021049 2034881
2035087 2052192
2052225 2052494
2052496 2053236
2053929 2054013
2054129 2054269
2054412 2054878
2055281 2055733
2055851 2056751
2057189 2057806
2057903 2060210
2060220 2060951
2060962 2067209
2067753 2077999
2078180 2081310
2081449 2082869
2083837 2100091
2100675 2101243
2101486 2103935
2103943 2107985
2108581 2109794
2110127 2110763
2111080 2112416
2112968 2117390
2117743 2117885
2118032 2123015
2123044 2123636
2123638 2138983
2138985 2139103
2139646 2139878
2140084 2140311
2140425 2141674
2141908 2141970
2142178 2157235
2157237 2158783
2159117 2168922
2169248 2169341
2169735 2169951
2169953 2170099
2170101 2170670
2171885 2172327
2172414 2172597
2172887 2174663
2174665 2175557
2175559 2184368
2185369 2187194
2187333 2187845
2188225 2189551
2189553 2194553
2194555 2201416
2201609 2212365
2212742 2231033
2231035 2237411
2237516 2241437
2241993 2247156
2247159 2258359
2258379 2264753
2264755 2269629
2269631 2278208
2278428 2278524
2280730 2281073
2281293 2282725
2282727 2291913
2291915 2291970
2291972 2301591
2301593 2306917
2306921 2332530
2332532 2344856
2344859 2362205
2362208 2363047
2363049 2375563
2375752 2382838
2382840 2384650
2385878 2396931
2396933 2397020
2397022 2405004
2405006 2418667
2419680 2425064
2425328 2428835
2428837 2431657
2431746 2434792
2435322 2435541
2435971 2439278
2439280 2439368
2439370 2447523
2448099 2450033
2450035 2455384
2455939 2457045
2457047 2457796
2457897 2458508
2458642 2468735
2468807 2469102
2469177 2469327
2469397 2470514
2470636 2488469
2488502 2495006
2495016 2502239
2502241 2502297
2502337 2502501
2502548 2510730
2510732 2519531
2519617 2519681
2519683 2523692
2523694 2524644
2524739 2525001
2525152 2525206
2526494 2529261
2529940 2533538
2533540 2539553
2539555 2539757
2539759 2540675
2540885 2540983
2541221 2542187
2542316 2550783
2550785 2569423
2569425 2576169
2576171 2582636
2582638 2587841
2588761 2612646
2612661 2612711
2612725 2637225
2637344 2643046
2643561 2650844
2650846 2661670
2661718 2663026
2663028 2663079
2663081 2668082
2668257 2672296
2672298 2684190
2684192 2686593
2686595 2699600
2699602 2706973
2706975 2707662
2707815 2712268
2712276 2712344
2712409 2747260
2747262 2747398
2747435 2750584
2750762 2752118
2752196 2752473
2753746 2755466
2755468 2755521
2755523 2799796
2799827 2801019
2802586 2803043
2803156 2806929
2806931 2812847
2812940 2819612
2819722 2826254
2826941 2836951
2836981 2845262
2845796 2851271
2851779 2859329
2859331 2863981
2863983 2875962
2876008 2880597
2882211 2882513
2882598 2883541
2883578 2887597
2888944 2896466
2896468 2902289
2902478 2908127
2908196 2908845
2909029 2910259
2910568 2913565
2913578 2922453
2922455 2923057
2923081 2934641
2936441 2941957
2941959 2947039
2947041 2947891
2947893 2948970
2949465 2949887
2951177 2951615
2951822 2952240
2952242 2966174
2966470 2966610
2966860 2967506
2967809 2968951
2968953 2969050
2969052 2969122
2969155 2978762
2978765 2978945
2978947 2981115
2982877 2987013
2987221 2988010
2989442 2989666
2989790 2990164
2990166 2990235
2990237 2998771
2999853 3001735
3002580 3002676
3003130 3007208
3007210 3008167
3008169 3008881
3009994 3015898
3015962 3024477
3024513 3038025
3038890 3041189
3041191 3042588
3042590 3042718
3042720 3044654
3044656 3070793
3070795 3073246
3073272 3090301
3090659 3090769
3093138 3098272
3098274 3115624
3115705 3116018
3117412 3117506
3117676 3118241
3118243 3125177
3125249 3142355
3142357 3148103
3148135 3152280
3154916 3155107
3157897 3168843
3168845 3169028
3169037 3192231
3192527 3194809
3195362 3213582
3213586 3224931
3225497 3225698
3225716 3233423
3233425 3233693
3234406 3236836
3237040 3237092
3237121 3237325
3237519 3237703
3237915 3241129
3241131 3252046
3252048 3257300
3257520 3257592
3257610 3265615
3265805 3268514
3268516 3277614
3278373 3284803
3284805 3284990
3284992 3285099
3285101 3290946
3290948 3291559
3292416 3295620
3295656 3298404
3298406 3317103
3317105 3318266
3318441 3322358
3322360 3322409
3322411 3322461
3322463 3322523
3322537 3325128
3325149 3330832
3330934 3331077
3331145 3333184
3333186 3335826
3335828 3345539
3345541 3354182
3356850 3358180
3358182 3363429
3363506 3378073
3378077 3383829
3383831 3393825
3393828 3395462
3395464 3396394
3396457 3410992
3411033 3411162
3411164 3411308
3411349 3414901
3414903 3416678
3416680 3425306
3425309 3427532
3427534 3429104
3429106 3429170
3429172 3438318
3439093 3440780
3440782 3440867
3440869 3442556
3442558 3468325
3468327 3468385
3468422 3469230
3469257 3469365
3469367 3470427
3470429 3472475
3472563 3474851
3475705 3476908
3476978 3482212
3482214 3485384
3485929 3486662
3486903 3489935
3490109 3490459
3491466 3491661
3492491 3495797
3495799 3500051
3500053 3501476
3501478 3503784
3504019 3505064
3505323 3515170
3515172 3517050
3517052 3520403
3520405 3525499
3525536 3525662
3525681 3525732
3525744 3530821
3530849 3531619
3531621 3539187
3540482 3553748
3553822 3556278
3556282 3556349
3556373 3559596
3559860 3560095
3560196 3560551
3560625 3560690
3560895 3560999
3561158 3561385
3561387 3564548
3564550 3567290
3567292 3569353
3569355 3569441
3569464 3571556
3571558 3576087
3576585 3577300
3578970 3582420
3582422 3591584
3591621 3591680
3591781 3592117
3592357 3601963
3602026 3605067
3605069 3606865
3606867 3606920
3607019 3608282
3608402 3630079
3630433 3630518
3630596 3630863
3631664 3641752
3641760 3654164
3654166 3655043
3655045 3674025
3674027 3674096
3674098 3678163
3678165 3678317
3679033 3685151
3686196 3691221
3691223 3698954
3698956 3699399
3699401 3700917
3700997 3701066
3701068 3703589
3705910 3706391
3706462 3715551
3715553 3716218
3716277 3718564
3718566 3720568
3720570 3734337
3734339 3735180
3735252 3742990
3742992 3745601
3745603 3747637
3749472 3749804
3749806 3753751
3753753 3756194
3756197 3759247
3759292 3759893
3761223 3764094
3764097 3764148
3764150 3767301
3767303 3769755
3769839 3770006
3770971 3776216
3777594 3778261
3778574 3780720
3780722 3780777
3780779 3787803
3787805 3787874
3787876 3788088
3788195 3790772
3790774 3794808
3794885 3794938
3794940 3797769
3797799 3804855
3804857 3841906
3842775 3859028
3859041 3859093
3859127 3859262
3859264 3865631
3865633 3867312
3867314 3869248
3870101 3873429
3873439 3876588
3876590 3879369
3879371 3880906
3881351 3887637
3888229 3893718
3893720 3894400
3894402 3906979
3906981 3908431
3908434 3908551
3908680 3908768
3909012 3909062
3909534 3909827
3909922 3910052
3910300 3929218
3929220 3933882
3934447 3934580
3934582 3934815
3934948 3936570
3936797 3939663
3939781 3943049
3943051 3947036
3947038 3948665
3948713 3948806
3948816 3950826
3950925 3952336
3952439 3959354
3959398 3963281
3963429 3965372
3965374 3966896
3968511 3970917
3970923 3978025
3978065 3980129
3980131 3996237
3996239 4001643
4002166 4013037
4014304 4015220
4015262 4028896
4029291 4030176
4030202 4035122
4035164 4035964
4035966 4036204
4036206 4036304
4036306 4048536
4048538 4052092
4052158 4052216
4052422 4055887
4055889 4071432
4071437 4074906
4075736 4082665
4082667 4093240
4093242 4093291
4093996 4094607
4096231 4102304
4102306 4103895
4103897 4104046
4104048 4109372
4109374 4110536
4110552 4111886
4111888 4115619
4115818 4115871
4116258 4116501
4116503 4122371
4122373 4123125
4123129 4126176
4126178 4126729
4126885 4127024
4127287 4127580
4127582 4131621
4131623 4131673
4131693 4135004
4135006 4135232
4135234 4139078
4139080 4139908
4139910 4148363
4148365 4161904
4162038 4162602
4162686 4165464
4165466 4170524
4170526 4171493
4172077 4179703
4179737 4202423
4202425 4203506
4203508 4214630
4214716 4214918
4215186 4215320
4215571 4219998
4220000 4220203
4220205 4224531
4224555 4226913
4226921 4228937
4228941 4243149
4243247 4243569
4243692 4254146
4254148 4255890
4255972 4256334
4256562 4257828
4259198 4261212
4261214 4261325
4261327 4263575
4263577 4273367
4273369 4277831
4278654 4285129
4287286 4288923
4288925 4289427
4289429 4293413
4293727 4298517
4299948 4303123
4303696 4305250
4305252 4305477
4305479 4305616
4305618 4315172
4316007 4327873
4327875 4329081
4329322 4333990
4333992 4349160
4349162 4354132
4354134 4354259
4354261 4357770
4357772 4360849
4360851 4365512
4365514 4366203
4366205 4367755
4367757 4373308
4373310 4382835
4383232 4385183
4385198 4391651
4391653 4392031
4392384 4394122
4394124 4412538
4412540 4412630
4412748 4414842
4416931 4420993
4420995 4437639
4437641 4437712
4437714 4440816
4440986 4462759
4462761 4463623
4463879 4464075
4464280 4464654
4464869 4478312
4478316 4479296
4479299 4486058
4486060 4486462
4486464 4501601
4501603 4502492
4502582 4515904
4516454 4524875
4524878 4526796
4526798 4526875
4526877 4537226
4538344 4538423
4539289 4541317
4541319 4543312
4543314 4551516
4551585 4553629
4553657 4555858
4555873 4559117
4559119 4574059
4575483 4575658
4576034 4590932
4591099 4597310
4597884 4598337
4598339 4600285
4600287 4603130
4603314 4605471
4605474 4606394
4606396 4610538
4611565 4611750
4611829 4611906
4612524 4617647
4617666 4618477
4618489 4621004
4621075 4621281
4621368 4621431
4621568 4621838
4621954 4622057
4622188 4622372
4622504 4630923
4630925 4633288
4633419 4648784
4649405 4653841
4653843 4666976
4666978 4670753
4670755 4675635
4675853 4676251
4676574 4686797
4686799 4687526
4688766 4692627
4692629 4696664
4696666 4699586
4699588 4701336
4701338 4701622
4701624 4701788
4701831 4710537
4711122 4712535
4712537 4720249
4720251 4725902
4730571 4732176
4732299 4741624
4741710 4742172
4742805 4756201
4756281 4759036
4759124 4760512
4770430 4771862
4773173 4775914
4776247 4776528
4779559 4781738
4784912 4784968
4785046 4785514
4786238 4789181
4789913 4790658
4791224 4793302
4794049 4794275
4795146 4795805
4796241 4798361
4799326 4799447
4800035 4800213
4802830 4804112
4804389 4804768
4804863 4804968
4805755 4805841
4806676 4807718
4808254 4808374
4808610 4808777
4808887 4809602
4809730 4811914
4812097 4812460
4812538 4812687
4813282 4813570
4813705 4813873
4814285 4814373
4814721 4819063
4819140 4822735
4825084 4826515
4826595 4829677
4830133 4830186
4830265 4837997
4838081 4840399
4841301 4843012
4843093 4843537
4844468 4845668
4845809 4852217
4852872 4853206
4853346 4863210
4866541 4872780
4872909 4874836
4875047 4875614
4876438 4878213
4879067 4879623
4880551 4881519
4881637 4891875
4895556 4896190
4896277 4908265
4909227 4909434
4910459 4910980
4914000 4968327
4968871 4969890
4975290 4975417
4977856 4978155
4978264 4985536
4988778 4991044
4991342 4996713
4996843 4997490
4999296 4999787
5000397 5005702
5005704 5008339
5008367 5044069
5044287 5046273
5046528 5052415
5052995 5054542
5055046 5055541
5055791 5063929
5064070 5064933
5065435 5066669
5066797 5123208
5123210 5144066
5144578 5146443
5147154 5147451
5148225 5153453
5153818 5154145
5154405 5154460
5154561 5154620
5154955 5156218
5156293 5158974
5159256 5159576
5159952 5165024
5165026 5197071
5197073 5246829
5246920 5249284
5249362 5260217
5261343 5270444
5270446 5272006
5272031 5272087
5272148 5278065
5278286 5278735
5278868 5280578
5280606 5283476
5283483 5285858
5290741 5315963
5315965 5327011
5328931 5333065
5333194 5335197
5336869 5336929
5337153 5347154
5347502 5348279
5348378 5353303
5353385 5358505
5358507 5359021
5359129 5363849
5363967 5375876
5376183 5381803
5381887 5382019
5382187 5382502
5382880 5383266
5383928 5384547
5384549 5389440
5389442 5395067
5395153 5396540
5396685 5401985
5402174 5402268
5402270 5404124
5404126 5408722
5408724 5408791
5409765 5409875
5409891 5409946
5409949 5410718
5411326 5411633
5412626 5416223
5416234 5417047
5417781 5418241
5418371 5423002
5423165 5423797
5424119 5424323
5424436 5429291
5429293 5432560
5433452 5435590
5435619 5436404
5436684 5437122
5437227 5437679
5437760 5437909
5438223 5438282
5438370 5438498
5441113 5459343
5459345 5459397
5459399 5471017
5471029 5471749
5472667 5477381
5477383 5477667
5478269 5485909
5485911 5486006
5487245 5487439
5487621 5487791
5488301 5489988
5490199 5497121
5497456 5499888
5499890 5506697
5507186 5516346
5516348 5524007
5524009 5524080
5524082 5524210
5524212 5526599
5526601 5526685
5526721 5526912
5526917 5533164
5533879 5554043
5554217 5555293
5555428 5575101
5576111 5582317
5582319 5582385
5582387 5582790
5583131 5584756
5584758 5585807
5585914 5586391
5586478 5586594
5586966 5587040
5587374 5598354
Tbrucei.chr8.100
1 4027
4112 4459
5360 9242
9461 10023
10180 10780
11367 13393
15821 19523
21262 24035
24557 27578
27721 30886
30973 31224
31696 33179
33516 39959
40148 40243
40324 40395
40467 41073
41534 45025
45255 47956
49077 50182
50963 51360
51918 53368
53612 53809
54073 54378
54568 54905
55899 57546
59300 60284
61514 62183
62367 63626
63724 64134
65551 66215
66302 68805
69238 69426
69766 70822
70948 71507
73485 73948
74562 79636
79946 80297
81803 82041
83453 83705
83831 84058
85117 87907
89626 90559
91265 91623
91851 94943
95024 95618
95793 98880
99080 99564
100362 100798
100876 100958
101951 102174
103195 104425
104870 105247
106731 106830
106987 107371
107492 108377
108868 109194
109779 110984
111141 111863
111964 112399
112613 113337
113434 114978
115482 116179
116845 117170
117453 118329
118708 122199
122571 122705
123797 126916
127053 128252
128429 130492
130693 130884
132171 132383
133656 135586
136150 137044
137875 142987
143152 143354
143450 144263
144367 145069
Tp_ends_39g01.p1k
1 14693
Tp_ends_40b06.q1k
1 97
4048 4585
5308 11492
11789 12174
12325 13269
13350 14708
tryp_IXa_16h03.q1c
1 11697
tryp_IXb_1c10.p1c
334 950
1158 2142
2330 2516
2624 2726
2810 3851
4214 4523
4980 6123
6989 7385
9652 12727
12893 13492
14495 14696
tryp_IXb_217g08.q1c
1 7160
8171 8374
8475 8670
9099 9161
14913 15170
15328 15425
15609 15691
16317 16663
16847 17028
17179 17407
17479 17556
17631 18205
18475 18832
19009 19304
19390 21401
21538 35198
35304 38086
38278 39147
39898 51468
51686 53694
53848 57586
57737 59578
60006 61519
61597 63140
63285 63712
64553 66376
66521 66584
66919 75013
tryp_IXb_218d07.p1c
1 23544
25887 30438
30624 39873
40695 47634
47778 50808
51059 52285
52855 54464
57523 59702
60823 66429
69200 69371
74745 75533
76764 77567
78220 90269
91854 92059
93370 95864
96636 104231
106349 107464
107929 108050
115518 117737
123023 123250
123536 124598
124727 126190
128979 129635
135417 157291
158206 161000
162458 163635
163941 164204
164869 165063
165202 165569
167018 167584
167978 171659
171994 173181
173343 173606
173792 174109
174416 178213
179235 180725
180984 185426
185977 189959
190046 195177
195319 197190
202046 202388
202692 202892
203124 209141
209780 210061
213069 213339
214087 214851
215220 217976
tryp_IXb_247f12.p1c
1 13252
tryp_IXb_277d03.p1c
1 11838
12560 13947
tryp_IXb_314f06.q1c
1 2753
4215 4503
5243 5294
5477 6011
6109 6203
6938 7079
7428 7915
8055 8448
8752 9499
10029 13449
13546 15274
15800 17381
17707 19547
19657 20022
20792 23165
23243 23323
23497 27405
27671 27982
28097 30465
tryp_IXb_43g07.q1c
1 410
1361 5642
5837 5918
6383 10977
11718 12427
13252 15683
tryp_IXb_68a05.p2k3050
1 16662
17604 43585
43689 43967
44317 44561
45046 45708
46181 46246
46379 46933
47043 59400
60090 60483
60908 61472
61623 61674
62416 62930
63654 64980
65497 65680
66142 69232
tryp_IXb_6d06.q1c
1 10228
tryp_IXb_6g03.q1c
1 1467
1582 1983
2319 6992
7365 7885
8940 11925
11991 12929
13049 14978
15088 15210
15638 16598
16932 24753
25544 26972
27041 27494
27703 28938
29029 29252
29668 29839
31724 33112
33178 33378
33648 40856
tryp_IXb_73h01.q1c
1 8043
8545 8747
8819 21800
21972 22135
22574 36763
tryp_IXb_86g11.p1c
1 750
1016 2431
3053 3326
3604 4389
4611 4680
4749 4828
4925 7319
7549 13074
13140 13239
13410 13470
13544 13783
tryp_IXb_93a04.p1c
1 8902
8975 13605
13708 16513
16661 18395
18757 24248
tryp_IXb_98e04.q1c
1 11041
tryp_X_106b08.p1c
1 12960
tryp_X_149c07.p1c
2128 2274
9262 9570
9648 10157
tryp_X_149e07.q1c
1 12369
tryp_X_155h05.q1c
1 2901
2989 3365
3509 6806
6955 7681
8647 9020
9507 9636
10148 10413
11182 12214
12558 13024
15162 15477
tryp_X_174f04.q1c
1 22092
22253 22661
tryp_X_179b07.p1c
1 86
88 4881
4980 8212
8586 11069
11154 11246
11610 19430
tryp_X_188b09.p2kB601
1 167
290 539
1709 1886
2066 3394
3396 5046
6537 7178
11155 11413
11558 12044
12856 13228
13306 13885
14139 14226
14558 14627
15323 17617
18092 21794
21876 22265
22382 24060
24174 26029
tryp_X_206a03.p1c
1 106
291 4898
tryp_X_220a01.q1c
1 205
736 7842
9835 14156
14333 15894
16164 17459
17528 25372
25643 30313
tryp_X_232f09.q1c
176 394
989 1123
1202 1605
1733 3249
3900 4417
4616 7360
7752 7971
8774 9053
9183 9744
11515 12357
tryp_X_254c10.q1c
1 7337
7643 7740
7978 13950
14339 15095
15799 16836
17292 18621
18701 22417
22668 23533
24050 24338
24502 25077
25515 25921
26840 27137
27489 27590
28089 32630
32831 33202
33336 33547
33691 34441
34562 37806
38402 39053
40857 43683
43813 43876
44146 44489
45059 45471
45965 46057
46389 46639
47443 47629
50137 50330
51355 52554
53114 53177
55579 55800
56013 56688
60156 61066
tryp_X_264e11.p1c
1 11160
tryp_X_275g09.p1c
1 10245
tryp_X_276b11.q1c
345 544
1017 1551
2401 2454
6530 6914
7142 7770
8592 8692
8764 9258
9470 9922
10291 10427
10532 12849
17289 18270
19285 19894
20637 20848
24052 24201
26488 26707
27135 27374
27478 28280
28648 29280
29364 29800
30122 31122
tryp_X_284f09.p1c
1 4691
4820 8074
8206 42529
tryp_X_302f11.q1ca
1 27720
28122 28312
29253 29381
33150 34721
35162 35325
35475 35753
39825 39937
43752 44124
44308 44671
45222 45472
49871 50279
51083 51863
54120 55247
55339 55533
56639 57740
57856 58176
58971 59397
59472 59611
59711 59823
60038 60277
60903 61658
63222 63429
64670 64779
tryp_X_313e04.q2kB520
15 2077
2175 4294
4515 6220
6327 6405
6550 9248
9395 9669
9822 14113
14115 14801
14892 16884
16886 16976
tryp_X_324h11.p1k
268 1175
1644 1893
2104 2342
2434 2491
3065 3628
4200 5697
6464 6700
7224 8145
11907 12060
13809 14128
15034 15127
15229 15676
16563 16614
17798 18041
18278 18437
20875 20944
21587 21720
22316 22372
23463 23715
25504 25627
25702 25814
30724 31107
31750 32885
34439 35090
41093 41262
57330 57402
57733 57904
58862 60109
62980 63196
65426 65614
65704 66016
66360 66544
69765 69942
70297 70415
73276 73520
73598 73802
74717 75027
75119 75264
79018 79251
83843 83916
86104 86157
88078 88329
89041 89095
tryp_X_333c11.p1c
1 668
670 32628
tryp_X_36a02.p1c
1 177
1148 2369
2459 4810
5351 5556
6164 6513
6696 8486
8609 8816
9698 10338
10474 11782
11997 12882
12970 13373
13964 15758
tryp_X_423d07.p2kB114
1 516
1027 2037
2143 2907
4616 4681
4961 5062
5170 5302
5774 5918
6026 6078
7426 16506
tryp_X_432f03.p2kB42
1 13391
13469 15352
tryp_X_448g06.q1c
93 663
665 2632
2634 3479
3545 3667
3957 4252
4254 4598
4690 5817
5819 10621
17479 17595
17819 17981
18274 19407
24686 27284
27331 28045
28084 32604
32769 32920
33047 33816
34197 36708
36789 40226
40385 41267
41554 42953
43054 43114
43259 44931
45461 46568
tryp_X_46d09.q1c
1 4038
4193 4581
4715 5433
5765 6253
6552 6616
6894 7680
7871 8470
14786 14877
tryp_X_48f04.q1c
1 1144
1349 2225
2827 3214
3283 3368
3442 3742
4282 4549
4947 5149
5813 5951
6131 6187
6362 6589
6771 8170
10152 10551
10697 11014
11132 12097
tryp_X_50f09.p2kB193
1 872
954 1289
2393 13414
13553 13865
14311 14397
14479 15383
15639 24078
24641 29434
29776 33761
tryp_X_54d09.q1c
1 288
391 2627
2757 15178
tryp_X_68d04.q1c
1 2421
6164 16576
tryp_X_76f06.p1c
738 839
6549 6661
8088 9244
9806 10001
10801 10867
10996 11053
23974 24183
24258 24611
33980 38984
42901 44429
45078 49467
tryp_XI_1007b07.p1k
1 10284
tryp_XI_1007c06.p1k
1 11628
tryp_XI_1011b06.p1k
1 16074
tryp_XI_1026a03.q1k
1 2141
2143 15855
tryp_XI_1032b03.p2k737
1 3187
3352 5227
5788 7589
9079 10391
10909 11330
11408 17496
17622 17805
18224 18906
19477 19697
20083 25316
25758 27206
27514 27739
28785 30280
30454 30661
tryp_XI_1032h01.q1k
1 14763
16505 18731
18923 32620
33044 35073
35408 40317
tryp_XI_1036e06.p1k
1 10165
12261 19361
20326 24368
24501 35719
tryp_XI_1056c09.q1k
1 20378
tryp_XI_1079d10.p1k
1 9403
9949 12108
tryp_XI_1084b11.p1k
1 413
543 13525
tryp_XI_1094c12.q2k740
37 106
153 4981
5059 10801
10908 12271
tryp_XI_1113h05.p1k
1 2529
2771 3174
4442 4881
5826 5964
6281 8744
8987 10782
11371 13729
13875 16832
16834 18544
18546 18638
18875 19136
tryp_XI_1126c12.p1k
1 3356
3557 4843
4957 10716
11180 12291
tryp_XI_1130e12.q1k
356 3114
3264 6967
8447 9760
10444 11516
11752 12585
13639 15255
17286 18674
18676 18842
18861 18935
18937 19025
19088 19338
tryp_XI_1133d10.q1k
1 2720
2798 3663
3758 5464
7259 7459
7626 7682
7803 8085
8178 11957
12211 17783
tryp_XI_1138e03.p1k
1 13223
tryp_XI_1144a03.p1k
1 8791
8884 9471
9567 9624
9752 11559
11627 18242
tryp_XI_1150d08.q1k
1 21727
tryp_XI_1152c10.p2kA602
1 7479
8301 8659
9115 11129
11531 11621
11786 12429
12558 13544
tryp_XI_139f04.p1c
1 2362
2485 9460
10042 11080
tryp_XI_147f01.q1ca
1 12916
tryp_XI_256a10.p1c
1 3270
3349 15173
15281 21152
tryp_XI_266b02.p1c
1 1453
2102 2201
2637 7007
7273 12330
tryp_XI_270f07.q2k6013
1 975
2281 2605
4812 7045
7118 7177
7358 8796
9570 14898
tryp_XI_285a11.p1c
1 7089
7091 11608
tryp_XI_311f03.p2k913w
1 1536
1684 7664
8026 8404
8652 10328
10427 11389
tryp_XI_314d08.p1ka
1 63
782 854
1139 1509
3024 3110
3483 4900
5745 5981
6755 8561
9646 11111
tryp_XI_321e04.q2k4065
1 4985
5110 11622
tryp_XI_339b02.q2k2024
49 1894
2458 3310
3471 3623
3787 8248
8706 9075
10485 10909
11203 11782
tryp_XI_361h08.q1k
1 3682
4056 5274
5471 10695
11285 15471
tryp_XI_374h12.q2kA203
1 685
962 1429
1605 1714
1801 2563
2739 10751
10822 17417
tryp_XI_390c04.p2kA614
1 196
198 289
291 13811
tryp_XI_396e01.q2k3025
1 15346
tryp_XI_425g10.p1k
1 5410
7552 9051
9175 9414
10550 10670
10739 11364
11792 12525
12682 15011
tryp_XI_431h02.p1k
1 4087
4089 18231
18370 18464
tryp_XI_467d06.p1k
1 18089
tryp_XI_476g10.q2k4126
1 17549
17551 18507
19014 21187
tryp_XI_833h02.p1k
1 9078
9629 12018
12331 12438
12870 15929
tryp_XI_862d07.q2kd7148
1 10695
10782 15059
tryp_XI_872c11.p1k
1 61
212 12873
12875 14115
tryp_XI_881g06.q2k5028
1 489
629 864
1178 6306
6482 9924
10033 15165
15279 18920
tryp_XI_884a07.p1k
1 2182
2304 17182
tryp_XI_887c11.p1k
1 2460
2718 8238
tryp_XI_891h01.q1k
1 8555
8695 12322
12700 14799
14977 20748
tryp_XI_899c04.q1k
1 7694
8021 8601
9161 9371
10355 20956
25509 26578
tryp_XI_905b11.p1k
1 15392
tryp_XI_925b07.q1k
1 11870
tryp_XI_944g01.q1k
1 844
885 10348
10376 11830
tryp_XI_944h10.q1k
1 151
153 2016
2668 3708
3952 4748
5040 5586
5677 6235
6604 7349
7464 9807
10303 10895
11486 12347
12781 13533
13959 17555
17692 17819
17902 18365
tryp_XI_967a04.q1k
1 25825
tryp_XI_974h12.q1k
1 14452
tryp_XI_976e03.p2kA567
1 587
860 3325
3327 12490
12492 12566
12568 12646
12648 13968
13970 17608
tryp_XI_983f02.p1k
1 3277
3284 4158
5250 6936
6938 9489
10017 10595
11572 13224
tryp_XI_989c01.p1k
1 6405
6407 6614
6616 11722
tryp_XI_994c05.p2k850
1 10963
11175 12447
