Tb927_01_v5.1
1 2213
3043 4321
4403 4755
4956 5096
5197 5357
5431 5538
5900 10362
11519 12027
12105 12682
12980 35161
35364 39472
39603 40388
41407 41506
42200 43111
44043 45306
48006 48191
48777 48852
49009 50538
50695 51723
51817 52219
52312 61234
61655 63027
63116 63416
64144 66292
67805 68930
69969 71972
72417 72488
72674 72820
72899 78143
78266 79050
79494 82452
82657 82828
82934 83212
83671 85301
85475 92800
93628 96277
96956 97205
97741 97870
98055 98581
98695 101096
101870 102725
103676 103999
104100 105747
108009 108507
109311 116744
117467 122517
122828 129284
134386 134474
134590 134897
136377 140746
141964 143436
144056 145139
146553 146980
147212 147552
149191 149375
150009 150705
152919 154357
157236 160521
160707 162114
162710 167663
167789 170568
171642 172685
173017 179167
180690 180923
181220 181640
183119 184533
185632 185774
186923 187600
188299 188661
189210 190138
190929 194357
194603 195752
195839 195966
196429 197015
198764 199425
199832 200544
201868 202942
203078 203497
204492 204689
223586 225398
232810 233244
234277 235022
244638 245322
284931 285668
298662 299915
332568 334068
372382 372936
374588 374641
377231 377285
377752 377848
378851 379110
379347 379407
379569 379635
380062 380236
380369 380481
380708 380804
381734 381787
417890 418558
442868 462123
467736 467836
523576 524281
531763 532068
545489 545613
546171 546220
546825 546911
547033 547093
547326 547455
547667 547733
548505 548586
548749 548845
549453 549526
549819 549968
550757 550823
568145 568375
570243 577170
577527 581402
584596 586325
587003 587494
587575 588577
589481 589638
592298 596979
597827 599417
600041 603131
613728 613922
614414 614508
614698 614838
615424 615602
615684 615868
638281 647832
689067 689406
740580 740753
741523 742821
742899 742957
743046 743214
743328 743384
743501 743557
743921 743985
744231 744318
744786 745717
745908 745957
746464 746545
747135 747205
747352 747656
747752 748072
748935 749115
749604 751262
752850 753112
771254 775992
780325 780636
780706 784715
784797 785476
785547 790446
790923 801659
802012 802270
802400 810446
939176 940236
941852 955490
990629 991059
992289 992516
992646 993059
993564 993934
994228 994384
994850 995768
996483 998549
1011171 1011365
1011805 1011859
1013665 1014001
1014323 1014678
1015078 1015606
1017077 1017545
1017679 1018047
1019278 1019568
1019705 1019818
1019917 1020021
1020632 1020706
1021283 1021622
1021775 1022148
1023421 1023693
1024834 1025718
1028451 1028875
1029790 1029913
1030022 1030134
1030432 1030674
1031963 1040293
1042324 1049495
1049709 1053326
1053747 1054372
1055400 1055665
1055868 1058569
1058729 1060765
1060886 1061199
1061300 1061999
1062105 1063788
1063891 1064672
Tb927_02_v5.1
1 672
778 6970
7366 7619
7975 14699
15627 16621
16988 17065
17760 19471
19909 20061
21984 26705
27407 28160
29216 48206
48326 48467
48553 51385
53383 53563
53723 53783
54240 54380
55921 57270
57338 57566
58821 62666
63314 64511
64829 66727
67407 69722
70397 71561
72330 74836
75452 77636
78378 78747
78814 79588
80851 84370
85173 88279
89071 93884
94126 94312
94586 98465
99102 99542
99611 99740
99808 102686
103025 105951
106587 106656
106765 107378
107456 107787
108012 109244
109846 110717
110826 111140
111291 111645
111927 112124
112355 114101
114340 116026
116556 117730
117997 118746
118913 120789
121372 122471
122603 122666
123195 124566
125498 127783
128279 130206
130725 132349
132482 132710
133178 133390
135096 135360
136052 136117
138128 138484
138641 138696
139247 140787
140875 142693
142786 143005
143206 143533
143678 143826
144830 145085
145426 147044
147313 147634
148367 148468
148818 149085
151004 151612
152256 153265
153838 165688
166297 166523
167035 168476
168763 170580
171398 171877
173386 174284
175537 183111
183214 185776
185865 188627
189359 189630
190434 191559
192004 192369
193576 193670
193906 195021
195550 197057
197204 197398
197593 199742
200012 205316
206143 207433
208099 208216
208634 208685
209281 213476
213637 213930
214559 218073
218233 218800
219935 221656
221730 222160
222853 223894
224942 225598
226403 226667
226865 226943
227192 227762
230062 230678
231950 236469
236559 240413
241261 244648
245307 245826
246885 248145
248266 248518
248922 249798
249954 250860
251881 252694
252899 253489
253653 253916
258006 258323
259435 261323
262110 264605
265859 273355
273497 273862
274065 274686
275638 289849
289916 289965
290361 298785
299234 300134
300694 300827
300949 301369
302133 303071
303241 303652
304115 305470
359046 359772
359866 361870
362404 364934
365047 368194
368356 369478
371928 386381
406783 406987
410536 411135
415078 415698
448962 449346
461578 462413
477194 477402
539764 539868
540772 540847
541768 541829
541941 542242
542405 542473
542883 543170
543421 543518
543847 543971
596544 596671
597482 598227
599422 601574
601690 611437
611946 615578
618000 618176
620355 620555
623017 623283
681983 682192
682546 682610
682808 682961
683097 683163
689407 689943
690973 691062
712546 713943
745360 752168
832921 832996
840604 845181
845963 846327
867171 869433
899037 899513
900634 901501
902089 902496
903327 904961
942470 944504
945062 948033
949262 954306
955455 957718
973860 997426
1035468 1037088
1060684 1063720
1064476 1067449
1077123 1077375
1106414 1107185
1108005 1108704
1109559 1109673
1110053 1110312
1110437 1110813
1111080 1113026
1116877 1119182
1119872 1120102
1120181 1122012
1123307 1128403
1131089 1131327
1131973 1137306
1138233 1140513
1140649 1149368
1149456 1152698
1154454 1159707
1162556 1166088
1166557 1167632
1168522 1168806
1169283 1170051
1170193 1172752
1173179 1173737
1175245 1175324
1178305 1181057
1184038 1185651
1185828 1187752
1189302 1191299
1191406 1193948
Tb927_03_v5.1
452 994
1214 1676
1780 2096
2368 3581
4571 4741
6003 8999
9076 11653
16116 16309
16545 16957
18008 18901
23356 23580
24211 29217
35974 39280
40686 41868
43037 43499
45110 45267
46207 47118
47994 48172
48949 49180
49380 50689
51844 52202
61650 61702
63157 65921
66945 68235
68352 75135
75873 76991
78819 79473
86577 86905
92649 93303
94473 94815
95305 96454
102948 103312
110176 111510
113456 114580
115501 116512
117374 120503
121868 121930
122537 123329
126747 126990
131011 131482
133215 133400
137804 137854
138289 138347
142593 142742
143963 144395
149827 150082
152003 152143
152787 153188
154523 155535
175802 176563
261046 262383
372990 375740
389567 395635
400798 401630
430101 430192
430493 430601
430699 430954
433767 433890
494789 495094
497838 497892
498155 498324
634483 634716
634841 636814
640287 644269
818703 820497
824690 824794
869444 870387
876545 881767
884281 892046
896370 898748
899504 909518
910073 919663
920810 943439
944263 959750
959911 960375
960571 963745
964464 965601
966170 974234
1053413 1055723
1092464 1092892
1096022 1096283
1101469 1101584
1101911 1101999
1102301 1102431
1102674 1102860
1103155 1103418
1103494 1103652
1104062 1104153
1104364 1104466
1105556 1105608
1122661 1123036
1123038 1123259
1147780 1148575
1149126 1156456
1157017 1158609
1182573 1182809
1208920 1219266
1236971 1238141
1254832 1255086
1255712 1255945
1261780 1261951
1279677 1279854
1283036 1283373
1285807 1286089
1330343 1330548
1344622 1352513
1466088 1466224
1476528 1476624
1492540 1494627
1547889 1548567
1579627 1579989
1580493 1580592
1582107 1582193
1582392 1582482
1583358 1583704
1584743 1584795
1585447 1585941
1586128 1590252
1590571 1590770
1591108 1591323
1591391 1591615
1592222 1592309
1592862 1593124
1593975 1605056
1605304 1606214
1606351 1606846
1606942 1611207
1611367 1612202
1612700 1613031
1613778 1616396
1616528 1617476
1626445 1629970
1631020 1637035
1637756 1637862
1638014 1638136
1639985 1640565
1640994 1641282
1641367 1642506
1642787 1643710
1644343 1644800
1648297 1651152
1651703 1651930
1652006 1652177
1652870 1653225
Tb927_04_v5.1
1 1811
2636 3135
3211 3289
3641 4319
4394 5142
5658 7898
8495 9818
9999 10762
10842 14600
15413 15674
16731 26474
26615 29636
30423 30828
30897 30988
32448 32589
32749 32868
33452 33735
33996 34048
34273 34538
34811 36695
37778 40565
40734 40810
41071 42224
42751 51583
51686 52075
52178 52367
52461 53001
53132 57057
57142 58157
58278 60957
62487 63518
63633 64451
65439 67931
69875 77928
257433 257726
258770 259033
273288 273471
307868 308040
308786 308875
308958 309111
318164 318241
320100 320445
450029 451399
466632 466945
470617 471205
471274 471337
471644 471815
471890 472043
479073 479192
479304 479360
479501 479678
479965 480081
518211 525054
525151 526375
526441 527990
588482 588652
790867 791055
840689 841012
842156 843763
843893 844049
844440 857165
898976 899299
903224 903347
905199 905803
907060 907555
911847 912042
913718 916705
917878 918036
918594 919146
921923 922884
923565 925687
940567 941734
941845 942012
946109 946269
947952 948220
949220 949973
950668 953320
954438 958580
961838 963138
964821 965049
965623 965903
972835 973134
974431 974597
975242 976979
981753 981960
1006600 1008308
1008822 1009672
1010740 1011683
1012376 1012710
1013409 1016170
1016915 1019437
1020137 1021337
1046999 1047743
1058978 1062211
1063674 1064079
1064899 1068592
1069684 1069755
1069835 1069925
1077195 1077357
1080935 1081106
1085593 1085756
1089885 1090226
1092076 1093494
1093992 1094979
1101507 1101912
1102532 1102725
1129739 1133558
1134193 1137252
1137860 1138058
1144312 1144648
1146060 1146216
1147498 1147797
1153322 1153573
1154820 1155013
1158176 1158731
1160029 1160213
1163734 1163891
1167372 1168165
1168269 1177190
1178424 1188987
1189748 1196180
1196988 1199973
1229779 1229985
1230081 1230142
1230399 1230531
1230747 1230816
1232065 1232127
1232213 1232396
1234262 1234591
1235378 1235429
1235764 1235883
1235989 1236114
1242966 1243156
1271730 1271957
1279246 1279412
1285010 1285161
1286815 1286915
1287694 1288516
1301086 1301530
1316211 1316344
1319305 1329267
1329977 1330081
1331828 1332005
1345044 1345098
1345954 1346149
1347334 1352760
1358677 1360011
1361562 1362200
1364488 1365534
1366673 1379040
1380152 1380988
1384738 1386353
1387337 1387571
1395287 1395688
1401581 1401779
1401933 1402040
1402199 1402361
1402566 1402676
1402866 1403300
1403425 1403478
1403570 1403636
1404648 1405233
1408611 1410848
1412302 1412803
1415554 1415943
1417812 1418081
1419348 1420259
1424007 1424336
1425612 1426797
1428019 1433296
1433911 1436736
1438230 1438309
1438681 1438777
1438898 1438991
1439240 1439333
1439890 1440076
1440147 1440308
1440529 1440814
1440922 1440985
1441097 1441200
1444410 1444725
1446049 1446276
1452335 1452671
1453228 1453759
1456127 1466853
1468998 1469734
1470456 1470967
1471560 1472312
1472867 1473402
1474092 1474243
1474965 1475021
1475120 1475344
1476408 1486783
1487821 1489738
1490437 1490571
1492314 1492545
1492745 1494417
1495435 1499087
1499285 1500295
1500487 1501040
1503214 1506291
1506361 1507600
1507973 1508024
1508330 1509548
1509883 1510074
1511751 1512250
1515548 1516021
1516432 1518649
1529595 1530537
1533968 1534272
1537472 1537655
1544178 1544788
1549223 1549461
1550367 1554822
1555418 1555737
1555905 1556972
1559289 1559462
1560538 1560598
1560710 1560998
1561091 1561256
1562131 1563272
1567162 1567215
1568078 1568174
1571808 1572735
1573574 1573776
1575480 1575566
1577575 1577654
1578993 1579099
Tb927_05_v5.1
1 2157
2460 3203
3796 5161
5266 10374
16495 19400
19569 20042
20126 20844
21742 22288
22681 23686
23781 23928
24250 24389
26085 32307
32886 42914
43424 48108
50484 50691
54140 54431
54597 55400
56334 56475
56915 60520
61716 64987
66003 69009
80375 85227
90658 111207
111710 112977
113946 115871
116689 118662
119228 123203
124873 126155
126984 139353
142795 143427
144752 159602
159758 159978
160138 160247
161583 162170
163742 164515
165297 182377
185099 191575
246420 247032
247110 247858
251640 256810
276631 276829
353645 353744
356008 361777
362596 363357
419519 420062
424197 425370
426522 436816
463707 464018
492085 492265
504863 505379
505654 506922
506992 507047
507792 508982
509593 509834
509924 509980
510107 513600
568550 568762
579501 579698
596176 596381
597060 597114
621837 624806
628493 631381
675237 675617
675773 675827
680581 682563
682631 682706
683122 683176
683772 683849
687148 689056
689170 690688
690862 690947
691149 691666
693008 693176
704240 704328
739762 740049
740196 745080
747719 748545
749173 753836
757674 762567
802707 802988
835228 835370
835954 836075
836890 836997
1141637 1143302
1157714 1157764
1195912 1196107
1211851 1212283
1290011 1290333
1324473 1324636
1327952 1329346
1329871 1334945
1358980 1416854
1420233 1423923
1427957 1430867
1430980 1431226
1431908 1447562
1448004 1451688
1451889 1453175
1453289 1456734
1456904 1460758
1462327 1462514
1464894 1464987
1470982 1471199
1478956 1479052
1481238 1481305
1486722 1492159
1492271 1492546
1492680 1492914
1493780 1493843
1498871 1499146
1502581 1506493
1509955 1512576
1513287 1514626
1515019 1516684
1517284 1520450
1522728 1522954
1525807 1530372
1530439 1530900
1530968 1546819
1548894 1549308
1559951 1560210
1563443 1564134
1564245 1564642
1565468 1567290
1568932 1572392
1573157 1573693
1573870 1575736
1576051 1576383
1578056 1578858
1579461 1580320
1580496 1581047
1582613 1587748
1587839 1588275
1590029 1592055
1593134 1593950
1594130 1595217
1595673 1595726
1595805 1605939
1606841 1618079
1618165 1618368
1618456 1618760
1619018 1619194
1619325 1620343
1621143 1623886
1624000 1624435
1624623 1626062
1626474 1626807
1628839 1630031
1630332 1630393
1630470 1630538
1631242 1645589
1645663 1651740
1651827 1654748
1654911 1656698
1657019 1663844
1666003 1666689
1666922 1675459
1675531 1675599
1675755 1676025
1676182 1676995
1677598 1680468
1681129 1686378
1686455 1686536
1686886 1691439
1693407 1694242
1695254 1696013
1696133 1696600
1696666 1697336
1697703 1706033
1706532 1706972
1707074 1711863
1716150 1716351
1716371 1719578
1719677 1719956
1720183 1720274
1721124 1721263
1727146 1728944
1729088 1729793
1729912 1731966
1733303 1733691
1734358 1735387
1735538 1736575
1737449 1737505
1738206 1741320
1741585 1741648
1742034 1743216
1743316 1747625
1748072 1754681
1754820 1756096
1756841 1761091
1762168 1766430
1766695 1769325
1769685 1775153
1776014 1776310
1778023 1778076
1780647 1783919
1786536 1790615
1790738 1791506
1792305 1802303
Tb927_06_v5.1
1 5910
7860 8244
8748 9449
10154 10518
10684 11214
11361 11422
14263 15297
16387 16626
19076 19151
20386 21000
21565 21737
24348 25228
25367 25922
26624 31392
32938 40979
41561 45271
46008 47806
48449 48632
48710 51400
51655 53625
53911 54672
54868 58678
59424 59723
59794 60839
60930 62330
62391 62665
62965 65868
66465 69643
79412 79656
83102 83291
84766 86543
87915 88998
90763 90814
92070 93272
93993 95951
115593 117465
118823 122506
123461 123680
124626 124852
126280 137838
138783 173582
179173 179910
181401 187212
200769 201454
202283 203738
210417 210935
211010 225760
227868 228324
229710 230336
232456 233291
286226 286412
314276 315271
317679 319187
319724 331868
332838 338672
344511 344777
347185 347304
348064 348207
348317 348467
354063 354231
365339 365460
396988 398107
404685 415502
416900 423866
479974 480214
481725 483126
483338 483749
487091 503882
551604 551695
556691 557365
558408 558580
596988 597044
597424 597589
598095 598146
599550 599656
599785 599840
601023 601080
601271 601327
601403 601465
613479 619074
687541 688236
688973 689165
704818 704921
717062 720115
778721 779091
779680 780095
781143 781388
987330 989811
989879 1002290
1003362 1005381
1033346 1033417
1033731 1033813
1034517 1034618
1034873 1034952
1035571 1035640
1054039 1054349
1126442 1128459
1218192 1220472
1238356 1242912
1281189 1281968
1282789 1282968
1331912 1332330
1344426 1360548
1401864 1402103
1419004 1420004
1423642 1423892
1424565 1425436
1425893 1427720
1427799 1430304
1430826 1432546
1433120 1433768
1435490 1436220
1436719 1437999
1438643 1438771
1438884 1439818
1439891 1440490
1441456 1443727
1444051 1444847
1448176 1448254
1448778 1448850
1451800 1452944
1454524 1454591
1455032 1455368
1456438 1456646
1456763 1456835
1457023 1457116
1457677 1457858
1457947 1458066
1459334 1460401
1462295 1464041
1464306 1467985
1469482 1469633
1470526 1470655
1471604 1484156
1484331 1485419
1485631 1485885
1486032 1495126
1495204 1495412
1495829 1496597
1497003 1497205
1497654 1497769
1497997 1500057
1500154 1500409
1501342 1514604
1514775 1514978
1515062 1515204
1515372 1521539
1521665 1524584
1524766 1527101
1527920 1530116
1530261 1532140
1532325 1532685
1533001 1535781
1535896 1538285
1538486 1539069
1539805 1540369
1540810 1541187
1541293 1550711
1550788 1550865
1550946 1551761
1551916 1552642
1552768 1555231
1556744 1559162
1559300 1563419
1563728 1565011
1565086 1567038
1567274 1567806
1568961 1570587
1572133 1572729
1573023 1575131
1575273 1575549
1575885 1575981
1576141 1577914
1579175 1580459
1580706 1580945
1581055 1582939
1583097 1585478
1586022 1587186
1587415 1590484
1590604 1592560
1594427 1594637
1595091 1599068
1599190 1600892
1601214 1601888
1601997 1605161
1606024 1606282
1606672 1608497
1608735 1613872
1614452 1615162
1615277 1615540
1616048 1616384
1618811 1618915
Tb927_07_v5.1
1 1275
2019 2165
3124 3180
3731 3917
10648 11495
13685 13917
15246 15765
16296 25040
29245 29355
29469 29814
30338 30576
31054 32408
32935 33345
50859 51015
64864 66091
67207 68674
69329 74564
75374 80022
80852 81102
95529 96908
109666 110570
116342 116657
118156 119587
184531 185448
229691 230206
231085 231821
232956 234905
290386 291621
325092 328061
347713 347917
429044 430056
447029 452575
465492 483057
483638 490226
492734 493939
494533 505865
506848 513577
547975 554939
599997 600822
677489 677685
678316 678824
681268 681542
682139 682269
728914 735196
735198 739595
837035 839734
860259 860385
861309 863424
864012 864387
865467 869275
964128 964247
964419 964468
983983 984127
998680 1001781
1043492 1044057
1099797 1102535
1125075 1125156
1125960 1129471
1130435 1130528
1133593 1134037
1136503 1136656
1138181 1138496
1157463 1158659
1218147 1277901
1280808 1280982
1289005 1289204
1300140 1300355
1305431 1305590
1307028 1307244
1310736 1312670
1314411 1314711
1315271 1316255
1317798 1317957
1325667 1326276
1332259 1333070
1352246 1352472
1353871 1354110
1362456 1363516
1385681 1385952
1393831 1393989
1407299 1407450
1410805 1410988
1416067 1416319
1423499 1423583
1424065 1424958
1425032 1425098
1426353 1426452
1432329 1432838
1452120 1452858
1453497 1456390
1456925 1457769
1463000 1463905
1471156 1471316
1472192 1472392
1475053 1475228
1484242 1484485
1500394 1500624
1502278 1502480
1503517 1503970
1527115 1527280
1537352 1537558
1548058 1548284
1563077 1563159
1563319 1563530
1563629 1563681
1564526 1564604
1565893 1565965
1566188 1566265
1567174 1567240
1590123 1590204
1590958 1591821
1592608 1594569
1599768 1600882
1601699 1601895
1602600 1606610
1610591 1615327
1615929 1617513
1618707 1620801
1625711 1630810
1632431 1636153
1637111 1646718
1649340 1652018
1652672 1653389
1653581 1656284
1657202 1657496
1666238 1668491
1669237 1669308
1670101 1670153
1701669 1701875
1763353 1764053
1765864 1766500
1772902 1773006
1773237 1773362
1780248 1780334
1783157 1783247
1784719 1786068
1786316 1790335
1790860 1791751
1792716 1792953
1795447 1796507
1796693 1797065
1797171 1797351
1797434 1797587
1797657 1797769
1798047 1798577
1799391 1800623
1800721 1800776
1800885 1802234
1803078 1803330
1889842 1892639
1909367 1909597
1917873 1919371
1920898 1921061
1926390 1926560
1927071 1927310
1928781 1929086
1929670 1931884
1934247 1934625
1935227 1935327
1937267 1940476
1941135 1943611
1944132 1945701
1945780 1946805
1946955 1955789
1957050 1961326
2032415 2035160
2087509 2087701
2125167 2127870
2127973 2128177
2149088 2149452
2158264 2158462
2177131 2177977
2178625 2179558
2179863 2183920
2184054 2184430
2185291 2188828
2190222 2193922
2195798 2197522
2198389 2200437
2201684 2204200
2204271 2204364
2204462 2204883
Tb927_08_v5.1
12397 13050
13614 16964
26240 26795
28885 29975
33306 33871
34658 35207
35298 35359
36009 36353
45931 46115
49185 49438
49670 49777
50885 51264
52258 52646
52732 55834
56744 58175
58756 59162
59901 60173
60944 61243
61812 62036
62152 62481
65603 65809
69175 69370
70460 70535
74611 75177
76263 76353
76454 76586
81815 82209
82386 82586
85850 86161
86312 88578
89023 90518
91297 91837
96647 97225
104181 104354
107792 108099
109948 110087
111213 111413
112154 112614
119653 119826
121114 122947
126045 126377
127856 129917
129995 132674
136948 137160
137747 137977
141568 141788
142656 144663
144741 145424
204124 204301
206946 207092
208708 210516
257243 257295
265514 265943
282705 282838
287108 288297
298802 309568
370126 376254
386313 387086
453834 458989
458991 459897
459899 459987
460048 460356
461981 463350
533560 536995
537223 543640
549840 551036
551121 551437
653576 653836
655622 657530
691370 696665
744070 744227
837742 837899
844682 846159
854808 854917
862641 863156
881788 887965
888671 889960
1036207 1036470
1036755 1038667
1051733 1053538
1055282 1055460
1061439 1062464
1084313 1084422
1085468 1086859
1088832 1090942
1092373 1092482
1093013 1093134
1094431 1095134
1099930 1100529
1101779 1101937
1131266 1131575
1133675 1133837
1142834 1142906
1152612 1155288
1156714 1160182
1161050 1161822
1162875 1169000
1172176 1172324
1173745 1175541
1177090 1177402
1195079 1196147
1198352 1200352
1202240 1203348
1207969 1208322
1209260 1211820
1213044 1219582
1236116 1236173
1237032 1237091
1238054 1238234
1238664 1238799
1239047 1239141
1240103 1240155
1240413 1240483
1240615 1240708
1247763 1247938
1380193 1386120
1387456 1394481
1407266 1409760
1410668 1411461
1465741 1467201
1474876 1483005
1523229 1523664
1526548 1526597
1538386 1538611
1602382 1602533
1613347 1614047
1617406 1619104
1619605 1620552
1853392 1853515
1879815 1879877
1892060 1892599
1894268 1895428
1942713 1943276
1944392 1944682
1945411 1946193
1947096 1948604
1998449 1998663
2001925 2002230
2006095 2006352
2012825 2014380
2027663 2029138
2038299 2038526
2050284 2050354
2058000 2058333
2059406 2059992
2060946 2061587
2073330 2074228
2078388 2078788
2084405 2084932
2097648 2101931
2109471 2112189
2131501 2131657
2134518 2134829
2136714 2137682
2150507 2150730
2162283 2162890
2170953 2173127
2187238 2187858
2189612 2189894
2190853 2191270
2194520 2200926
2201767 2204945
2205618 2208517
2209191 2212062
2213620 2217596
2230769 2231789
2233033 2233103
2233164 2235003
2235276 2236556
2237664 2238627
2277147 2277287
2277406 2277565
2277667 2277731
2278070 2278283
2278395 2278448
2284592 2284791
2298332 2299139
2299787 2313295
2313946 2316057
2316097 2316262
2316264 2317781
2317897 2321661
2321934 2322200
2322310 2335860
2336237 2336292
2352023 2354164
2381124 2381245
2381323 2381651
2386269 2386465
2388179 2388732
2389507 2390327
2391645 2392619
2395207 2396182
2397902 2398033
2412200 2412433
2417411 2417604
2419577 2425079
2425891 2426142
2427546 2428061
2429650 2430251
2430875 2434635
2435725 2435852
2435928 2436052
2436247 2437283
2437426 2437750
2438170 2438473
2439664 2442885
2443943 2444252
2467244 2467988
Tb927_09_v5.1
1097 1169
1861 2003
2090 2395
2468 2576
2653 2849
2946 3354
3422 3500
3641 4170
4261 5542
5856 18769
18922 25623
25771 27089
27193 29489
29595 29929
30112 30166
30531 31221
31554 32232
34540 34620
34795 34881
34965 37313
37413 37732
38648 38809
39678 41077
41152 41943
42391 44031
46149 53813
54008 54437
54513 54765
56072 56973
60999 61459
62309 63312
63525 64944
66255 67548
69045 84678
84844 85112
86019 86990
87088 87323
87876 88067
88180 88458
89876 90487
91368 91996
97718 99210
99305 99465
101071 102032
103504 103808
103925 104013
104542 105060
106191 106267
108499 108832
110485 110792
110870 111331
111826 112686
113141 113295
113443 113507
114035 114093
114349 116317
120760 121100
123688 125764
127895 128327
128870 130141
130787 132189
132379 133984
134249 137343
137424 137833
138160 141603
141690 141798
142678 142853
142950 143942
144568 145845
145994 147203
147517 152632
152813 154466
156641 159654
164265 165554
165656 166767
167319 167503
167573 169997
170233 171726
171902 172239
172580 173645
175057 175234
175316 175366
175453 176955
177837 179179
180170 182021
182277 182787
183183 184541
184942 185159
185270 186311
186443 186781
187012 189537
189729 189855
197986 198221
198591 199195
203204 204794
204894 204984
205615 206034
207039 207204
207282 210492
210783 211853
213280 221608
222443 222646
222739 224108
224328 229290
230638 231754
231847 232192
232300 232599
232693 232795
233590 236222
237222 238279
238586 239264
239516 249148
249656 255950
257140 257337
257484 257769
257841 258726
259251 260108
261258 262021
262722 269358
270220 270349
271102 271872
272984 273294
274096 274302
275166 276435
279003 279118
279322 282822
283030 283665
283749 284254
284386 286619
287286 290462
290533 293694
293777 295579
295809 297570
297642 298641
299072 306249
306604 306768
307654 307737
308262 308429
309889 312426
312497 313111
313209 313635
314585 314928
315121 316647
317339 317400
319040 320055
320339 320707
321044 321457
321732 321788
323071 324279
325053 325177
327539 328222
335319 335487
351788 352633
376169 377196
440673 443190
470808 474190
519206 519404
534451 556113
568903 569017
608139 650229
650369 651265
651337 651671
666669 666977
689512 689802
691079 692560
743855 745084
764421 764661
766019 772428
776242 777635
779308 779861
796532 799960
802971 803459
812768 812925
866780 866963
868053 868277
909466 910097
910627 911322
1008509 1011593
1029569 1030448
1033387 1034201
1042500 1043007
1044511 1048818
1113894 1114466
1115205 1115365
1121410 1121650
1122726 1123478
1153584 1153824
1185966 1191219
1191290 1192565
1192684 1195804
1196802 1197657
1198533 1198726
1199558 1200855
1201576 1201748
1202208 1204221
1204317 1204483
1206099 1213554
1213738 1221587
1225283 1225340
1287805 1290293
1290671 1291398
1291901 1321771
1373528 1374136
1425594 1426644
1426720 1427030
1432916 1434822
1490552 1490637
1490888 1491001
1491815 1491890
1493283 1493381
1497794 1500050
1502583 1504137
1504952 1505827
1517369 1517497
1673276 1674938
1676765 1686246
1737052 1737731
1771230 1771964
1804521 1805249
1808412 1808633
1834847 1836393
1905681 1905755
1906010 1906092
1907680 1908104
1917279 1918525
1967045 1973401
1975222 1982376
1984211 1985878
2084898 2085610
2098818 2099151
2117837 2117928
2171461 2174915
2178591 2179679
2180355 2180475
2180613 2181108
2183765 2183816
2183929 2183997
2185912 2186341
2186640 2186824
2207182 2207240
2265000 2266102
2266191 2266530
2266609 2267288
2268052 2271452
2272314 2272504
2284059 2286612
2289459 2292231
2293936 2294990
2295617 2302823
2303637 2333946
2334154 2336200
2415518 2415714
2415812 2415888
2415993 2416062
2416354 2416426
2417836 2417920
2418624 2418701
2418992 2419056
2420605 2420821
2421432 2433355
2434229 2434978
2435315 2442786
2443326 2444311
2461307 2463247
2463406 2464115
2464419 2500605
2500760 2507535
2507764 2507818
2507893 2507947
2508101 2508163
2508467 2508815
2513315 2514210
2514855 2518738
2519523 2519811
2523364 2523866
2524971 2527801
2529066 2529857
2535708 2535862
2537700 2538577
2539506 2542108
2543725 2544917
2544984 2546517
2546696 2551992
2553103 2555761
2555933 2556203
2557247 2559418
2559545 2560535
2560685 2604961
2605481 2626486
2626721 2632015
2632772 2638110
2638499 2639936
2640021 2645610
2649215 2654731
2655565 2655886
2656137 2656533
2656618 2656960
2657074 2662296
2663099 2664212
2664313 2664830
2665175 2665603
2665674 2666212
2666401 2676223
2676493 2678205
2678517 2678963
2679053 2679175
2679520 2679853
2679958 2680096
2680436 2681879
2682194 2682563
2683102 2688748
2688889 2691482
2692084 2696036
2696245 2698043
2698110 2698283
2698401 2698695
2699068 2701577
2701821 2705004
2705206 2705418
2705703 2710050
2710259 2715742
2715985 2719737
2719970 2720353
2720436 2722966
2723345 2725428
2726802 2727109
2727225 2728592
2729112 2729322
2729399 2729511
2729921 2731943
2732341 2747983
2748140 2749365
2752893 2754409
2754722 2756241
2756551 2756866
2758001 2759420
2760136 2768107
2768496 2770395
2770695 2771604
2771832 2772158
2772414 2773957
2774335 2774647
2774920 2776030
2776292 2780125
2780564 2780789
2781426 2783370
2783637 2784576
2785313 2786954
2787388 2789026
2789479 2800039
2800677 2801225
2801302 2806178
2806278 2806404
2806482 2807020
2807122 2815630
2815822 2817178
2817363 2817528
2817641 2818065
2818324 2818390
2818591 2820826
2821545 2821669
2822009 2823841
2823966 2824797
2825322 2828302
2828974 2830392
2830491 2830583
2830722 2832512
2832709 2834964
2835608 2844454
2845347 2847480
2847780 2849621
2849733 2853776
2854185 2855290
2855365 2857800
2858106 2863239
2863327 2870435
2870751 2887556
2887838 2888786
2889554 2895483
2895752 2896671
2896772 2901937
2902174 2902523
2902627 2904192
2904666 2905179
2905261 2905813
2906075 2909276
2909358 2916285
2916933 2917784
2918438 2918569
2918672 2918891
2918997 2919634
2920611 2921763
2921862 2923243
2926743 2927043
2927285 2928778
2928856 2930774
2931042 2931354
2931444 2931713
2931814 2932730
2932808 2933862
2934368 2934850
2935013 2935693
2935797 2936126
2936641 2941010
2941588 2945859
2946103 2954340
2954639 2965996
2966104 2966345
2968193 2968632
2969121 2969913
2970381 2972202
2972326 2975702
2975983 2977554
2978259 2978489
2978559 2980455
2980748 2981816
2982036 2996097
2996851 2997026
2997121 2998404
2999795 3001033
3001619 3001687
3001943 3002006
3002717 3003987
3006641 3011370
3012254 3012446
3012656 3018409
3021369 3021606
3023845 3025768
3028781 3028910
3029326 3029469
3030088 3030356
3031288 3031652
3033547 3033929
3034237 3037170
3037312 3037412
3037516 3038026
3038728 3039019
3039152 3040043
3040343 3041089
3041258 3042320
3042413 3042880
3043536 3044583
3045536 3046105
3046386 3048675
3050593 3050970
3063136 3063427
3063582 3064002
3065452 3066249
3067200 3068923
3069071 3070865
3070947 3072376
3073974 3074091
3074336 3076249
3076444 3077216
3077330 3079441
3080095 3085256
3085399 3097181
3097697 3100243
3100386 3102801
3102919 3103535
3104315 3104689
3105559 3106268
3107239 3107433
3107983 3108065
3108517 3108605
3109050 3115062
3115507 3137790
3137862 3145115
3145281 3148035
3148185 3149279
3150280 3150698
3151116 3162206
3162996 3164008
3164239 3174721
3174800 3178266
3178977 3181773
3184508 3185660
3187047 3187274
3188082 3188177
3188699 3191197
3191422 3193400
3193478 3193761
3193829 3201397
3202586 3205404
3207341 3207900
3208630 3211201
3212202 3213468
3214138 3214203
3217114 3217909
3219355 3219449
3220150 3225837
3225935 3226100
3228215 3228769
3229802 3231606
3231686 3231976
3232090 3232632
3232710 3232854
3233230 3234153
3234262 3235846
3236656 3237979
3238277 3239863
3240651 3240738
3241432 3243884
3247748 3248672
3250828 3253968
3254347 3254429
3255286 3256701
3256916 3257675
3259315 3268937
3269015 3269520
3270040 3270513
3270666 3273371
3273633 3278198
3282696 3287718
3294441 3294624
3295229 3295557
3295646 3298856
3299048 3300661
3300738 3301977
3302055 3302486
3306376 3306438
3306515 3307029
3307115 3307777
3308025 3309781
3311341 3312197
3312647 3313538
3314050 3314639
3314936 3317807
3332777 3341324
3343698 3346350
3346490 3346803
3349305 3351058
3354916 3355401
3364498 3364811
3365112 3365207
3365283 3365897
3368559 3371603
3371852 3372959
3375900 3375965
3376084 3381335
3382386 3385942
3386909 3405949
3410157 3410218
3410823 3411428
3411695 3419794
3420369 3426359
3427797 3428916
3429510 3448720
3449112 3450847
3451364 3451549
3451722 3451865
3453180 3453288
3454957 3455055
3455420 3457727
3457812 3457902
3458320 3459033
3460166 3460644
3460855 3461508
3461617 3461862
3462655 3462733
3463112 3465070
3465343 3465900
3467406 3468230
3468325 3472114
3472464 3478651
3478747 3478863
3478942 3479430
3480733 3480819
3481100 3481390
3483284 3483860
3484182 3484303
3484404 3484916
3485416 3490140
3490300 3490491
3490582 3501425
3503028 3503773
3505579 3508712
3509088 3518064
3518692 3520578
3521332 3521861
3521944 3523722
3524275 3524769
3524842 3524895
3524999 3527322
3527503 3528406
3528982 3529267
3529711 3530242
3530523 3541816
3541921 3542276
3542392 3542885
Tb927_10_v5.1
1 903
1174 4544
4630 12793
13030 15631
17487 17718
18053 22267
22411 24812
24987 25199
26006 32533
32654 32902
33379 33503
33791 39953
40244 41311
43038 45049
45207 54937
55068 55412
55556 56653
57432 57662
57910 57992
58313 58701
58999 59179
61079 63165
70051 70529
79494 80353
83203 83384
147217 147556
154037 154762
157105 157920
160008 160188
169971 170235
171634 171826
185372 185614
187011 187402
204822 204929
224277 224458
227752 227905
239924 241757
243738 244560
270555 270795
277147 277219
278241 281541
282907 284092
312064 312223
329009 329707
330418 331311
360079 360302
361580 362009
377048 377357
380864 384949
390651 391827
449767 451974
472400 473174
474332 475107
545118 549020
570074 570303
597976 598211
617671 617862
623096 624406
627129 627348
643260 643486
649995 650207
655577 655775
669347 669607
702521 702695
731195 731350
793059 795634
799431 800100
800849 801010
873080 873980
1054042 1054111
1054184 1054251
1054335 1054681
1055212 1055695
1077736 1077880
1127158 1128312
1135193 1139993
1164084 1166594
1203737 1204035
1206830 1207084
1233733 1234722
1244972 1245228
1268650 1268852
1268963 1269081
1269175 1269254
1269418 1269518
1333134 1333439
1387554 1387652
1405463 1406003
1421561 1422821
1487615 1488298
1489535 1492439
1617422 1617530
1647874 1649708
1695491 1701199
1702007 1703434
1703942 1704921
1732331 1734241
1749460 1760168
1786278 1786343
1801711 1801920
1806020 1806091
1806678 1806749
1806930 1807217
1807388 1808288
1850665 1850944
2004617 2004681
2094371 2117417
2127840 2129223
2157961 2158075
2176437 2176541
2312389 2312990
2343012 2345599
2353426 2353601
2404669 2404857
2440807 2441048
2515385 2516480
2517543 2517999
2518465 2519414
2520054 2520703
2522227 2522402
2523698 2525068
2525409 2531454
2531977 2532822
2549283 2558181
2571386 2577654
2578279 2585450
2643034 2643379
2654986 2657689
2660173 2682331
2701122 2702798
2703334 2707145
2784629 2785818
2818451 2818639
2843483 2843539
2843906 2844000
2845072 2845161
2896654 2897122
3027910 3028075
3033084 3036946
3037012 3037530
3046504 3047763
3053481 3053618
3068708 3069278
3069438 3069525
3069963 3070101
3070172 3070224
3070528 3070621
3080485 3080695
3104398 3104692
3109426 3110157
3169542 3170183
3170663 3170799
3171027 3171866
3268871 3272398
3274370 3275041
3313845 3321317
3344656 3345547
3348656 3349346
3397472 3397655
3398282 3399163
3427992 3428386
3441880 3442067
3443676 3443863
3464655 3464732
3464867 3464987
3465494 3465561
3466160 3466223
3466891 3466972
3541408 3541513
3560455 3562999
3575262 3575912
3580177 3583115
3612406 3613708
3614740 3616042
3618861 3619088
3676348 3676691
3681107 3681158
3690421 3692134
3743502 3743555
3744517 3744664
3745331 3745425
3747580 3747682
3748846 3748901
3749017 3749075
3749296 3749391
3749793 3749876
3749963 3750065
3750208 3750274
3750393 3750508
3750839 3750930
3751013 3751104
3751193 3751253
3751405 3751468
3752306 3752413
3755516 3755639
3756588 3756768
3756903 3756970
3757059 3757133
3757377 3757902
3758893 3758980
3759087 3759188
3759299 3759508
3760011 3760079
3761840 3762223
3831064 3831291
3831420 3831500
3855412 3860584
3861236 3862233
3881921 3886569
3890635 3893652
3937460 3937878
3941436 3941780
3945024 3945607
3946386 3948231
3964756 3964954
3978640 3979057
3979995 3980896
3982791 3983223
3984840 3988677
3988766 4015311
4016009 4020670
4021535 4023736
4024486 4025815
4025947 4026768
4026960 4027397
4027615 4028656
4033410 4033751
4035312 4041528
4041614 4042707
4044524 4045276
4046391 4047225
4047716 4048518
4048717 4051543
4051655 4051748
4051837 4052661
4052763 4054825
4055966 4060142
4060350 4060476
4060827 4064253
4064797 4067528
4068220 4069696
4070663 4070962
4071545 4072271
4072582 4073428
4073509 4074754
4074853 4075042
4075310 4075444
4075695 4076074
4076381 4076614
4077249 4077367
4077664 4077883
4078280 4078360
4079674 4079727
4080229 4080390
4080889 4081153
4082931 4086626
4087050 4088471
4088613 4088834
4089027 4089107
4089634 4089751
4089978 4090762
4090852 4091237
4092081 4093341
4094977 4095148
4095727 4095829
4096636 4097556
4099183 4101426
4101958 4102014
4102485 4102601
4102762 4103208
4103416 4103842
4105896 4106147
4106256 4109376
4110119 4110238
4113554 4113918
4114567 4119211
4120033 4121472
4121620 4121990
4122639 4122762
4122902 4135611
4135757 4138781
4138860 4138929
4139032 4139094
4139198 4139338
4139407 4139500
4139581 4139788
4139917 4140001
4140243 4140428
4140738 4144177
4144278 4144375
Tb927_11_v5.1
1 851
941 2028
2285 3089
3512 4929
4996 5704
5891 6142
6228 6565
8299 10010
10098 24206
24755 25041
26080 30984
32801 34208
113512 113663
113757 113813
114106 114277
120433 120678
120952 121046
121309 121462
122364 122495
122567 122704
122814 123831
127040 127916
173122 173846
177281 180986
185151 185436
250281 250700
279319 282104
283032 283417
284252 296579
296680 312123
313153 314017
318848 319057
323675 323921
332510 332771
444647 445043
445634 447807
447909 449530
452106 452625
453565 454219
456422 457109
457454 457840
458377 460507
460882 461116
462373 466941
467043 468714
468816 468875
476133 477435
477878 480158
480735 481940
531461 531770
537116 538845
552459 554337
583942 584110
584697 584753
590991 591157
643077 643232
652713 654854
690846 692652
692814 693726
694473 697463
697541 698093
701886 702507
763374 763707
766855 767006
807904 808218
821255 821639
836242 836346
837619 837673
877431 877614
892763 893030
900722 900899
1016096 1016381
1050890 1051255
1052934 1053081
1064355 1067246
1068169 1072105
1118970 1119395
1191312 1191627
1196283 1200125
1203016 1203343
1204287 1204483
1254015 1254256
1299371 1299576
1365058 1365564
1369500 1370995
1372245 1372347
1372425 1377281
1682273 1683795
1858308 1858500
1900550 1901165
1936736 1936790
1938205 1938325
1971781 1972949
1985434 1985831
1988472 1989733
2111925 2120059
2150961 2151694
2152432 2152809
2154046 2156266
2156383 2158676
2158878 2161485
2161764 2162427
2163150 2164428
2164544 2164841
2165839 2167147
2171108 2172014
2172640 2173531
2186686 2187211
2188760 2190011
2190723 2199907
2212419 2213336
2246622 2248108
2349674 2350933
2376488 2385801
2386501 2388447
2389050 2390968
2392214 2392460
2393214 2396967
2427625 2427684
2428343 2430765
2431279 2434448
2470095 2476939
2477923 2478744
2542164 2542478
2570583 2570703
2576954 2577078
2633099 2633555
2634859 2635069
2675324 2676919
2756322 2756884
2843309 2849047
2886929 2888106
2894418 2894485
2927253 2929100
2956395 2957831
2967652 2970432
2970668 2970727
2972018 2972197
2972379 2974933
3020954 3021400
3028747 3030765
3073683 3073886
3075888 3076451
3091565 3094701
3099480 3099745
3112163 3116294
3134606 3134700
3145298 3145501
3214584 3217842
3315681 3316681
3317068 3317153
3317382 3317457
3317573 3317708
3318214 3318308
3319178 3319257
3369049 3369180
3409917 3410068
3422034 3422249
3423608 3431257
3472860 3473229
3485530 3488375
3497067 3498466
3514906 3516202
3531036 3532516
3532679 3533395
3597604 3597790
3725918 3726007
3776216 3776381
3776980 3777052
3777343 3777781
3777867 3777947
3778758 3778832
3779223 3779347
3779512 3779721
3780348 3780586
3782388 3782524
3783179 3783272
3783448 3783509
3783836 3783898
3784039 3784121
3784189 3784364
3881604 3881775
3882608 3882966
3883574 3884523
3940392 3940574
3992248 3992430
4013226 4015385
4063353 4063618
4083731 4084007
4084109 4084310
4102971 4107464
4115893 4116452
4194503 4196816
4199997 4201354
4220845 4222423
4223432 4223857
4263454 4263643
4281000 4281241
4285984 4287631
4364138 4364206
4364716 4364806
4387020 4387534
4477065 4477167
4498626 4498724
4501831 4502070
4553033 4555802
4556414 4558462
4559338 4565311
4566564 4567080
4567343 4567392
4568161 4568554
4571008 4571296
4573062 4587350
4590726 4591395
4591587 4592350
4593068 4593323
4594154 4594218
4594338 4596579
4596942 4597173
4598381 4599041
4599744 4609009
4609291 4609712
4614716 4615199
4616837 4617364
4620080 4620604
4621699 4622231
4623317 4623710
4624041 4624643
4624726 4625046
4627151 4627480
4628233 4628572
4628863 4630399
4631192 4632867
4634070 4640485
4647163 4655840
4655943 4662275
4662442 4672019
4672099 4675578
4676265 4676422
4676500 4677640
4677762 4678099
4678364 4679452
4679689 4679907
4679976 4680073
4680152 4680828
4681418 4681742
4681874 4682097
4682305 4682564
4682949 4683373
4683476 4690076
4690358 4696924
4697592 4697676
4698962 4699252
4699432 4699678
4700202 4700932
4702206 4702710
4703152 4703282
4703360 4703558
4703827 4705496
4706986 4707626
4708080 4708200
4708815 4716412
4717110 4717360
4717451 4721129
4728922 4734665
4736048 4736291
4737168 4742665
4742744 4743050
4743263 4744746
4744829 4745676
4745901 4747062
4747164 4748170
4748364 4749026
4749116 4751200
4752369 4752634
4753414 4753469
4754182 4754314
4754785 4754876
4756265 4756769
4758621 4759843
4760179 4760281
4760506 4760562
4760642 4760865
4761179 4761315
4762508 4763189
4763926 4764187
4764515 4764597
4764969 4765306
4765490 4766566
4767084 4767812
4768025 4772086
4772377 4778951
4779100 4779625
4780793 4780892
4780975 4781281
4781642 4782409
4785214 4785832
4785910 4786831
4787013 4787988
4788703 4790533
4791192 4791769
4792319 4792838
4793122 4793225
4793325 4793709
4793810 4794310
4796501 4796616
4796770 4796844
4797051 4797288
4797447 4797982
4800408 4800587
4800702 4800753
4801801 4801954
4802127 4803108
4804354 4804594
4805787 4806156
4806864 4807043
4807483 4808920
4809831 4810301
4810815 4811661
4814712 4814788
4815113 4815322
4815709 4815827
4816512 4816801
4817039 4819107
4819271 4819422
4819608 4820168
4820993 4821374
4822268 4822583
4824266 4826194
4827033 4827477
4828808 4832089
4834243 4834686
4836786 4837660
4838054 4838675
4840509 4840850
4841048 4841203
4841417 4841635
4841954 4843567
4844593 4844781
4844959 4845014
4847333 4848238
4849140 4849838
4850061 4850466
4855212 4855506
4865886 4866309
4866409 4866511
4866617 4867874
4869949 4870478
4874281 4874335
4875455 4875730
4876471 4876833
4876919 4885430
4885553 4886132
4891883 4891945
4899737 4899854
4900367 4902825
4903006 4904535
4906168 4907464
4908249 4908333
4908598 4908740
4913143 4913836
4931149 4933576
4934054 4934138
4934359 4934589
4934968 4935945
4936065 4936717
4938529 4940103
4942461 4943324
4943796 4944789
4944911 4950750
4950853 4958415
4958488 4959137
4959357 4960348
4960434 4962002
4962215 4967772
4968326 4969079
4969262 4971533
4971975 4972142
4974516 4974854
4974938 4975018
4975750 4976130
4976607 4977550
4978644 4980212
4980414 4986303
4986752 4987470
4987582 4987981
4988155 4988536
4992922 4993369
4993605 4996704
4996846 4999801
5002130 5002240
5003839 5004942
5005962 5008009
5008500 5009394
5012585 5017700
5017880 5021060
5021957 5025613
5025768 5031722
5032096 5034217
5034341 5034933
5035203 5037290
5037584 5038073
5039588 5039719
5040598 5042032
5043489 5043751
5044084 5057181
5057366 5057675
5057762 5062834
5064597 5065064
5065990 5069094
5071098 5071662
5075359 5076721
5077216 5077379
5077722 5079174
5079471 5093556
5099393 5102840
5106366 5106736
5108836 5108895
5109420 5109512
5109933 5110159
5110448 5111036
5111959 5112426
5113551 5113764
5114018 5118576
5130347 5140303
5141174 5188793
5189305 5191655
5191881 5192302
5193646 5193785
5194098 5194205
5194661 5197710
5197789 5197885
5198107 5198353
5198445 5199467
5199806 5199908
5200389 5200443
5200676 5200958
5201035 5201106
5201236 5201371
5201460 5201520
5201605 5201975
5202084 5202639
5202706 5203050
5205665 5223313
Tb927_11_LH_fork_v5.1
1 14430
Tb927_11_RH_fork_v5.1
1 98
1497 4291
5167 15959
19194 19377
19525 21715
21827 34350
34672 39346
39521 40365
40657 41123
41399 44290
44394 45542
45724 48086
48244 48667
48856 49148
49291 51675
51983 53957
54028 61437
63132 68068
68554 70754
70911 73351
73750 76647
76837 97415
97521 98273
98381 106796
108676 113819
113927 115973
116109 116160
116303 118196
119948 120824
121745 122163
122256 124628
127833 128487
128584 128690
132190 132433
133207 135530
135633 135876
136705 136873
137695 138028
139958 144950
146026 146829
147053 147449
149165 149405
149657 151210
151373 163311
163647 170304
170371 174592
174750 175264
175869 190656
191226 191610
191945 195977
196292 206897
207324 209631
209732 213656
214555 215395
215534 215603
215740 215856
216046 217084
217559 217797
217958 218476
218903 219258
220375 220436
220671 221546
222934 225928
226001 226689
227928 228820
228980 235164
235283 237682
237805 245430
246143 246703
247133 247958
248104 249035
250364 250465
250808 260047
260122 271545
271762 278931
279106 279699
279952 280101
282515 286024
286390 287283
287782 289518
289655 299721
301220 301658
304020 304722
305736 306007
306330 306502
308171 308367
308830 308960
311169 312475
312569 315732
316793 319298
320521 320826
325210 328245
328323 329912
332656 333113
333324 333635
334980 335147
335474 336915
337963 338320
339431 339673
340802 342129
342518 344253
344399 344501
344572 344726
344848 347081
347251 352060
352168 352559
352906 353283
353589 354711
355636 355745
357415 357664
358193 358587
361418 361780
363685 363901
367337 367747
367976 368387
370151 371255
371971 372025
372915 373779
374431 374748
378541 378656
379177 379338
379863 380244
382067 384045
384824 384964
386528 386700
387667 388491
389119 392291
392475 392949
393152 393649
395786 397604
398270 411046
411906 415762
416129 426534
426890 429362
429450 430503
430572 430666
430820 431076
431168 431286
431421 431490
431591 433971
434154 434507
435179 435554
435956 437565
437934 444025
444965 447293
448292 450098
452172 452614
452863 453002
453249 453778
455320 455393
455988 456727
459639 460970
461939 465910
466178 466461
467637 468002
469991 470166
471304 471464
471919 472017
472086 472652
473784 474710
475275 475817
478660 478836
482038 482139
482559 482925
485980 486040
487275 487354
489344 489602
491029 492248
493974 495374
496027 497418
499138 499324
499735 499808
500594 501260
501356 503203
503269 504808
506565 506710
506858 508171
508585 509791
509967 510642
511565 511708
511843 512907
513200 516913
519680 519804
520001 523341
524401 524734
524858 525638
525760 525830
526077 526633
526743 526994
536533 537119
542356 542528
545946 546084
547922 548139
553108 553247
553315 554190
554385 554453
555649 555872
557295 557794
559329 560062
560198 560259
561235 561287
561771 562020
562091 580592
580690 582463
582799 583132
583276 591154
591232 591485
591601 592029
592120 605010
605141 606409
606482 611693
612039 613697
614098 614637
615156 619674
619849 624908
625337 625884
628332 631406
631723 632127
632296 635972
636103 636814
637184 646939
647276 652548
652680 654494
655843 668058
670744 670951
671645 671969
672075 673017
674809 674858
675479 675664
676090 678667
679932 680065
680227 680335
681096 686026
686705 686763
690738 704210
Tb927_11_Homologues_1_v5.1
1 1952
Tb927_11_Homologues_2_v5.1
1 1546
Tb927_11_Homologues_3_v5.1
1 942
2927 3171
4502 17114
17836 18522
19569 20408
11L3_v3
1 26545
33210 63482
5K5_v5.1
1 4102
35866 36731
39666 39867
60721 60863
62089 73027
73503 73648
73735 74547
74616 75323
75564 76548
77293 77511
85187 90198
90307 95323
95384 95778
102196 102372
102441 102767
104009 106921
107919 108079
114588 115673
116180 117314
118647 119024
122322 122779
125800 126069
126206 129542
129628 132747
133089 137863
138261 138406
145494 145603
146760 146816
149137 149925
150422 150896
150973 151530
151718 151825
GTRYP_4071_4094_1a01.w2k4071
1 11202
11347 11443
11545 18466
TP26M21_2a10.p1k
1 28767
29029 31472
32240 32293
33356 33431
33813 39798
TP26P4_1a02.q1ka
1 1074
2100 6745
7517 9186
11050 11194
11742 16439
TP26P4_3b07.q1k
1 676
1345 3007
3073 4362
4516 4796
5075 7803
8099 8285
8378 9542
9979 11738
11835 12229
12647 12824
13716 14549
15535 17108
17230 22152
25750 26219
26526 26719
26801 26952
27195 27619
31911 32112
36273 36436
38615 38972
41765 42200
42389 42477
43989 44634
47441 47651
48330 48524
53183 56260
TP26P4_5g04.p1k
1 7984
8077 9475
9745 11880
12134 13037
TP26P4_6c09.p1k
1 4494
4820 4964
5221 5754
6760 8885
10236 12970
13985 14194
14857 16240
16848 17002
17572 19078
19170 20979
21890 24078
24674 25080
TP29O12a_1b01.p1k
1 211
344 423
938 5072
7849 8172
8259 12212
12399 14130
15552 19069
19286 29117
TP3F6_6f06.p1k
1 2406
6135 26266
TP3F6_6h01.p1k
7 13990
TPB1C9_1a08.q1k
1 4916
5727 11334
Tb927_11_bin_v5.1
1 825
963 6926
7785 7840
8076 16394
16689 16751
17035 17500
17572 17980
18758 19044
19333 21161
21524 21665
21782 23783
23858 24022
24942 26249
27847 32315
32870 33113
33181 35661
35898 38313
38889 40559
40887 41011
41858 45868
46596 47619
48204 50656
52017 52566
52785 53214
53766 55578
55886 56111
57427 59044
59170 59298
59397 59611
60840 60953
61550 68927
69800 71361
71475 81621
84656 85437
85817 89289
89530 92270
92877 93017
93968 95159
96483 97717
98606 99019
99357 102342
103148 105066
105315 106311
106480 107567
110121 110294
110822 112082
115637 116014
119198 120843
122543 123528
124427 124506
124906 125767
125845 128824
128894 128968
129120 129275
129573 130645
189633 222786
224443 226563
228233 244081
244705 258201
258302 258839
259595 325825
325926 342397
360998 365729
365852 366514
367084 367650
368270 369719
370804 371898
372044 372697
372770 376809
378787 388470
388571 417227
418477 419371
422516 429593
437889 445852
445953 446749
446751 511440
511541 538024
538026 540729
540830 569601
569702 596376
596477 604161
616670 621022
621123 645882
645983 662608
668612 669405
669506 692921
693022 695887
696279 696903
699400 699540
699631 699822
701534 702088
702812 703421
710230 710313
710519 710958
711069 711689
713376 713722
714426 714842
714908 714975
715076 725368
725434 725660
725850 731655
732172 732913
733014 735520
735651 736360
736452 739467
740434 742721
743277 743339
743709 744452
744622 747295
747459 747865
747992 763041
763142 770614
770616 779294
780469 781462
781539 782216
782920 788605
789276 793478
793579 798900
798979 799511
799580 799793
800172 806249
806251 809720
809875 812884
812993 816060
817475 819046
819147 831451
831453 831673
831879 842621
843438 844396
844497 846699
847010 847729
848813 850243
850392 851329
853378 853937
855284 855640
855842 856133
856234 871182
871368 871647
871898 875146
875274 877128
877229 878840
878928 879107
879205 886917
886995 898987
899088 909185
909286 911459
911494 913450
913908 914255
915164 916031
916456 916777
916981 919515
919616 923270
924398 926201
926302 927775
928398 929761
929862 929921
931003 934364
935923 939372
939473 941959
941961 949216
949317 956784
956786 958688
958789 961360
961385 961609
961733 962601
962603 966355
966584 968285
968386 973867
973869 976351
976396 977622
977723 987006
987107 996467
996568 996816
997015 997078
997200 997356
997464 997706
997852 1005484
1005585 1014424
1014525 1023667
1023768 1032684
1032785 1036515
1036536 1039563
1039565 1041600
1041701 1044068
1044070 1044365
1044372 1050392
1050493 1063564
1063566 1067790
1067891 1071698
1071769 1074941
1075090 1075935
1076323 1076526
1076627 1076833
1076835 1085008
1085109 1091639
1091740 1091910
1094155 1100103
1100204 1108393
1108494 1116547
1116648 1120969
1121145 1124725
1124826 1125213
1125346 1125481
1125566 1125640
1126518 1132949
1133050 1141100
1141201 1143462
1143472 1148889
1148990 1153894
1153908 1155937
1156191 1156507
1156608 1164159
1164260 1171899
1172000 1179533
1179535 1184860
1184901 1187006
1187107 1187856
1187858 1189272
1189716 1194494
1194595 1202028
1202129 1206425
1206793 1207140
1207462 1209394
1209495 1215922
1215924 1216105
1216134 1216886
1216987 1217339
1217360 1224736
1225356 1227451
1228009 1258449
1258832 1258901
1258903 1274400
1274402 1290861
1290863 1291110
1291297 1291988
1292097 1293097
1293180 1293380
1293382 1307238
1307240 1320870
1321164 1322348
1323193 1339361
1339363 1391659
1391661 1400652
1400917 1402126
1402128 1404825
1404893 1405568
1405570 1406377
1406462 1409588
1409674 1409824
1409910 1417191
1417193 1425646
1426258 1431042
1431616 1445128
1445326 1448053
1448969 1449798
1449879 1460061
1460130 1462962
1463058 1464749
1464965 1465029
1465452 1466662
1466786 1467845
1468008 1468212
1468516 1468911
1469152 1469616
1469787 1469894
1469986 1471887
1471889 1473244
1473377 1473642
1473735 1476393
1476396 1476486
1476519 1481507
1482306 1482683
1482761 1484587
1484589 1485581
1485583 1488866
1488868 1489377
1490409 1490699
1491361 1491635
1492229 1493551
1494022 1537659
1537821 1544981
1545082 1550567
1550571 1569763
1570157 1570616
1571232 1571915
1571920 1573464
1573466 1582796
1582798 1583212
1583987 1584073
1585213 1585419
1587099 1587515
1587842 1595169
1595856 1608779
1608794 1609268
1610772 1612837
1612839 1614074
1614076 1619153
1619237 1620044
1620488 1622991
1623107 1623159
1623983 1627843
1627845 1639526
1639528 1644175
1644177 1650151
1650163 1683730
1683748 1691596
1691951 1693092
1693094 1696384
1696386 1700892
1700894 1712439
1712441 1713485
1713583 1713688
1714708 1722027
1722029 1732211
1732213 1753800
1753967 1756207
1756228 1756440
1757276 1759978
1760252 1762657
1763229 1764437
1764451 1778324
1778326 1778391
1778393 1787650
1788249 1795528
1795537 1796794
1796796 1803366
1803637 1811390
1811392 1811481
1811813 1823674
1823676 1843639
1844846 1852597
1852599 1852948
1852950 1858601
1858632 1858875
1859489 1859955
1860048 1861096
1861172 1861364
1861724 1862031
1862179 1863446
1864980 1871954
1871982 1876997
1877755 1892945
1892948 1893004
1893006 1903851
1903929 1915844
1915935 1918671
1919339 1924514
1924516 1924600
1924602 1932781
1933290 1935351
1935450 1935642
1936568 1939574
1939722 1949390
1949392 1984635
1985256 1988223
1988225 1991067
1991070 1997858
1997860 2010203
2010205 2011654
2011656 2012392
2012585 2019843
2020355 2021964
2022062 2034059
2034201 2052192
2052225 2052494
2052496 2053444
2054412 2055733
2055851 2056919
2057027 2057378
2057579 2057806
2057903 2060210
2060220 2060951
2060962 2077958
2078118 2078269
2078348 2081310
2082071 2083857
2083940 2088959
2089089 2089294
2089467 2103935
2103943 2109570
2110842 2117390
2117743 2117885
2118033 2118883
2118958 2123015
2123044 2123636
2123638 2138983
2138985 2139178
2139333 2139828
2140084 2140185
2140311 2140577
2141199 2141559
2142397 2157235
2157237 2159012
2159117 2166731
2167365 2169341
2169746 2169951
2169953 2170099
2170101 2170927
2172063 2172597
2172887 2174663
2174665 2175557
2175559 2184368
2185250 2187707
2188231 2189551
2189553 2194553
2194555 2212365
2212742 2214736
2214843 2215305
2215770 2215842
2216014 2217072
2217901 2231033
2231035 2247156
2247159 2258359
2258379 2264753
2264755 2269629
2269631 2278208
2278428 2278524
2278741 2278810
2278908 2280034
2280730 2281161
2281283 2281376
2281530 2281815
2282163 2282637
2282727 2291913
2291915 2291970
2291972 2292524
2292602 2301591
2301593 2306917
2306921 2332530
2332532 2344856
2344859 2354968
2356855 2362057
2362127 2362205
2362900 2362963
2363732 2375563
2375752 2382838
2382840 2384635
2385878 2396931
2396933 2397020
2397022 2405004
2405006 2423469
2423698 2428835
2428837 2432875
2433107 2433372
2433931 2434792
2435322 2435541
2435814 2439278
2439280 2439368
2439370 2444044
2444152 2450033
2450035 2455384
2456074 2456285
2456762 2457045
2457047 2458570
2458712 2459605
2459719 2468249
2468385 2468597
2468807 2469102
2469177 2470698
2471035 2488469
2488502 2495006
2495016 2502239
2502241 2502297
2502337 2502501
2502548 2510730
2510732 2517143
2517257 2519182
2519617 2519681
2519683 2523692
2523694 2524112
2524789 2525206
2526494 2532548
2533106 2533538
2533540 2534000
2535741 2539553
2539555 2539757
2539759 2540655
2541221 2550783
2550785 2569423
2569425 2576169
2576171 2576314
2576392 2582636
2582638 2587841
2588761 2612646
2612661 2612711
2612725 2625419
2625932 2635136
2635247 2635626
2635868 2635933
2636167 2636490
2636622 2650844
2650846 2661670
2661718 2663026
2663028 2663079
2663081 2670742
2671386 2672296
2672298 2684190
2684192 2686593
2686595 2699600
2699602 2706973
2706975 2707627
2707815 2708098
2708173 2708873
2708957 2712268
2712276 2712344
2712409 2722607
2722685 2722767
2722874 2722957
2723306 2723803
2724911 2747260
2747262 2747398
2747435 2750584
2750607 2752325
2752428 2753589
2753591 2755466
2755468 2755521
2755523 2790969
2791195 2799796
2799827 2801439
2801614 2802098
2803170 2806929
2806931 2811474
2811545 2812141
2812769 2836951
2836981 2845489
2846776 2859329
2859331 2863981
2863983 2875962
2876008 2876283
2876401 2883348
2883633 2896466
2896468 2913565
2913578 2922453
2922455 2923057
2923081 2941957
2941959 2947039
2947041 2947891
2947893 2948970
2951065 2951615
2951822 2952240
2952242 2956025
2956519 2966174
2966470 2966583
2967809 2968951
2968953 2969050
2969052 2969122
2969155 2978762
2978765 2978945
2978947 2987013
2989442 2989666
2989790 2990164
2990166 2990235
2990237 2998771
2999853 3002797
3003467 3007208
3007210 3008167
3008169 3008881
3009994 3015898
3015962 3024477
3024513 3037458
3038920 3041189
3041191 3042588
3042590 3042718
3042720 3044654
3044656 3045951
3046738 3046867
3047405 3047459
3047564 3066001
3066866 3070793
3070795 3073246
3073272 3090301
3090659 3090769
3093138 3098272
3098274 3115624
3115705 3116018
3117412 3118241
3118243 3125177
3125249 3142355
3142357 3148103
3148135 3152280
3157897 3168843
3168845 3169028
3169037 3192243
3192525 3192949
3193215 3194809
3195362 3195908
3196421 3213582
3213586 3225698
3225716 3233190
3234633 3236836
3237040 3237092
3237121 3238156
3238435 3241129
3241131 3252046
3252048 3257300
3257520 3257592
3257610 3264626
3264734 3268514
3268516 3284803
3284805 3284990
3284992 3285099
3285101 3290946
3290948 3291503
3292416 3295620
3295656 3298404
3298406 3317103
3317105 3317652
3318063 3318253
3318441 3322358
3322360 3322409
3322411 3322461
3322463 3322523
3322537 3325128
3325149 3330538
3330686 3330832
3330934 3333184
3333186 3335826
3335828 3345539
3345541 3354182
3356850 3358180
3358182 3363389
3363482 3378073
3378077 3383829
3383831 3393825
3393828 3395462
3395464 3396394
3396457 3409025
3409214 3410992
3411033 3411162
3411164 3411308
3411349 3414901
3414903 3416678
3416680 3417882
3419304 3425306
3425309 3427532
3427534 3429104
3429106 3429170
3429172 3440295
3440869 3442556
3442558 3463006
3463386 3463497
3463834 3468325
3468327 3468385
3468422 3469230
3469257 3469365
3469367 3470427
3470429 3472473
3472885 3474851
3475552 3476908
3476978 3482212
3482214 3486163
3486288 3489935
3491076 3491154
3492491 3495797
3495799 3500051
3500053 3501476
3501478 3503784
3504019 3515170
3515172 3517050
3517052 3518493
3520680 3525499
3525536 3525662
3525681 3525732
3525744 3530821
3530849 3531619
3531621 3553748
3553822 3556278
3556282 3556349
3556373 3559594
3560056 3560165
3561158 3561385
3561387 3564548
3564550 3567290
3567292 3567870
3568009 3569353
3569355 3569441
3569464 3571556
3571558 3574752
3575331 3576087
3576504 3577300
3578970 3580487
3581043 3582420
3582422 3591584
3591621 3591680
3591781 3601963
3602026 3605067
3605069 3606865
3606867 3606920
3607019 3608282
3608402 3628961
3629138 3630518
3630771 3641752
3641760 3654164
3654166 3655043
3655045 3674025
3674027 3674096
3674098 3678163
3678165 3678317
3678869 3679024
3679508 3680168
3680378 3683849
3686196 3691221
3691223 3698954
3698956 3699399
3699401 3700917
3700997 3701066
3701068 3703589
3705910 3707611
3707685 3708041
3708124 3711768
3711886 3712120
3712820 3715551
3715553 3716218
3716277 3718564
3718566 3720568
3720570 3734337
3734339 3735180
3735252 3742990
3742992 3745601
3745603 3747875
3749213 3749804
3749806 3753751
3753753 3756194
3756197 3759247
3759292 3761841
3761940 3763393
3763576 3764094
3764097 3764148
3764150 3767301
3767303 3770006
3770656 3776173
3778574 3780720
3780722 3780777
3780779 3787803
3787805 3787874
3787876 3788088
3788195 3790772
3790774 3794808
3794885 3794938
3794940 3797769
3797799 3804855
3804857 3820238
3820825 3841906
3842775 3859028
3859041 3859093
3859127 3859262
3859264 3865631
3865633 3867312
3867314 3869248
3870101 3873429
3873439 3876588
3876590 3879369
3879371 3880915
3881351 3893718
3893720 3894400
3894402 3906979
3906981 3908431
3908434 3908595
3908678 3908768
3909537 3909769
3910294 3927205
3929063 3929218
3929220 3934580
3934582 3934651
3935015 3936696
3936765 3943049
3943051 3947036
3947038 3948665
3948713 3948806
3948816 3950826
3950925 3959354
3959398 3962791
3962858 3965372
3965374 3966896
3968511 3970917
3970923 3972347
3972873 3978025
3978065 3980129
3980131 3996237
3996239 4013297
4014304 4015220
4015262 4030176
4030202 4033040
4033108 4033230
4033515 4035122
4035164 4035964
4035966 4036204
4036206 4036304
4036306 4046037
4046125 4048536
4048538 4055887
4055889 4056582
4056850 4071432
4071437 4082665
4082667 4087629
4087974 4088042
4088227 4093240
4093242 4093291
4093996 4094607
4096231 4097826
4097904 4102304
4102306 4103895
4103897 4104046
4104048 4106227
4106335 4109372
4109374 4110536
4110552 4111886
4111888 4115626
4115818 4115871
4116258 4116501
4116503 4122371
4122373 4123125
4123129 4126176
4126178 4127580
4127582 4129992
4131037 4131621
4131623 4131673
4131693 4135004
4135006 4135232
4135234 4139078
4139080 4139908
4139910 4148363
4148365 4161202
4161972 4162397
4162466 4162602
4162604 4165464
4165466 4166951
4167063 4170524
4170526 4171181
4171388 4179703
4179737 4202423
4202425 4203506
4203508 4214630
4214796 4219998
4220000 4220203
4220205 4224531
4224555 4226913
4226921 4228937
4228941 4231635
4232142 4243249
4243759 4254146
4254148 4255890
4256081 4256537
4256914 4261212
4261214 4261325
4261327 4263575
4263577 4273367
4273369 4285129
4287286 4288923
4288925 4289427
4289429 4298517
4299948 4303123
4303696 4305250
4305252 4305477
4305479 4305616
4305618 4315197
4316099 4327873
4327875 4328934
4329347 4333990
4333992 4349160
4349162 4354132
4354134 4354259
4354261 4354966
4355401 4357770
4357772 4360849
4360851 4365512
4365514 4366203
4366205 4367755
4367757 4373308
4373310 4382835
4383232 4385183
4385198 4391651
4391653 4392152
4392220 4394122
4394124 4412538
4412540 4412630
4412748 4414842
4416931 4420993
4420995 4437639
4437641 4437712
4437714 4462759
4462761 4463667
4463879 4464075
4464280 4464654
4464869 4465469
4465926 4466437
4466927 4475733
4475811 4478312
4478316 4479296
4479299 4481558
4482154 4486058
4486060 4486462
4486464 4493179
4493792 4501601
4501603 4502995
4503100 4515904
4516454 4521930
4522588 4524875
4524878 4526796
4526798 4526875
4526877 4537226
4537908 4538423
4539289 4541317
4541319 4543312
4543314 4543927
4544054 4544337
4544475 4551516
4551585 4553629
4553657 4555858
4555873 4559117
4559119 4574055
4576034 4582571
4582776 4598337
4598339 4600285
4600287 4602937
4603510 4605471
4605474 4606394
4606396 4610538
4611565 4611750
4611829 4611906
4612189 4612255
4612524 4615089
4615608 4617647
4617666 4618477
4618489 4620568
4620813 4621464
4621565 4621838
4621946 4622057
4622234 4622365
4622504 4630923
4630925 4632782
4634288 4635173
4635558 4649566
4650068 4653841
4653843 4666976
4666978 4670753
4670755 4686797
4686941 4687429
4688766 4692627
4692629 4696664
4696666 4699586
4699588 4701336
4701338 4701622
4701624 4701788
4701831 4711217
4711786 4712535
4712537 4720249
4720251 4721153
4721231 4721315
4723930 4728394
4729002 4729147
4730015 4730469
4730800 4731084
4731804 4737556
4741714 4741947
4742239 4742358
4749804 4750260
4760627 4770145
4770430 4771485
4771563 4772884
4773251 4774765
4775487 4775914
4776247 4776528
4776951 4777389
4778643 4780129
4780710 4781419
4787089 4788636
4790211 4790658
4792629 4793866
4794040 4794091
4795146 4795255
4795348 4797827
4799326 4800552
4801755 4802599
4803450 4804785
4806676 4807975
4808529 4809602
4809730 4811914
4812155 4812847
4813377 4813570
4814789 4819063
4819140 4824686
4826595 4830177
4830259 4832349
4832667 4836554
4836676 4837997
4838081 4839799
4840475 4841964
4843852 4843920
4844521 4853527
4854272 4854592
4855042 4855886
4861323 4861783
4871335 4875854
4876438 4876946
4879119 4879294
4879378 4880519
4881180 4881519
4881637 4881936
4884769 4891875
4895556 4897163
4897286 4897491
4897568 4898070
4898210 4911121
4915106 4917055
4917134 4919304
4919448 4967469
4968262 4969890
4974385 4975417
4990705 4994183
4994393 4995885
4996143 4996719
4999644 5001666
5001846 5001986
5002376 5005702
5005704 5008339
5008367 5044069
5044340 5046273
5046528 5054990
5056127 5059641
5060556 5061613
5061728 5065172
5065327 5065545
5066148 5066915
5068549 5123208
5123210 5146928
5147154 5153635
5153829 5154112
5154270 5154620
5154743 5155882
5155975 5156036
5156659 5156974
5157048 5157687
5157838 5159576
5160185 5165024
5165026 5197071
5197073 5200264
5201250 5260069
5261218 5261549
5261679 5270444
5270446 5272006
5272031 5272087
5272148 5278065
5278286 5278735
5279082 5280578
5280606 5283476
5283483 5285858
5290957 5310661
5311318 5315963
5315965 5323823
5324645 5327601
5328931 5335197
5336385 5336929
5337112 5346467
5346559 5347154
5347502 5349984
5350715 5353307
5353411 5354231
5354857 5358505
5358507 5358852
5359128 5359403
5359659 5360484
5360778 5363884
5364752 5365681
5365858 5380540
5380621 5381716
5381794 5382388
5382880 5383266
5384153 5384547
5384549 5389440
5389442 5401990
5402177 5402268
5402270 5404124
5404126 5408722
5408724 5408871
5409765 5409875
5409891 5409946
5409949 5411248
5412353 5416223
5416234 5417069
5418538 5423300
5423481 5423797
5424119 5424323
5424436 5429291
5429293 5430992
5431342 5431799
5432157 5432948
5433452 5435590
5435619 5436052
5436134 5436404
5436666 5436813
5437054 5437122
5437227 5438077
5438145 5439934
5440169 5445320
5445921 5457034
5457113 5459343
5459345 5459397
5459399 5471017
5471029 5472040
5472256 5474783
5474968 5477381
5477383 5477667
5479869 5485909
5485911 5486006
5487262 5487390
5488301 5490039
5490245 5490518
5490791 5497121
5497604 5499888
5499890 5510717
5510802 5511131
5511960 5516346
5516348 5524007
5524009 5524080
5524082 5524210
5524212 5526599
5526601 5526685
5526721 5526912
5526917 5553181
5553426 5554043
5554217 5555293
5555428 5575101
5576111 5576929
5578779 5581213
5581605 5582317
5582319 5582385
5582387 5582790
5583131 5584756
5584758 5585841
5585914 5586391
5586571 5586633
5586940 5587017
5587372 5587593
5587660 5598354
Tbrucei.chr8.100
1 3925
4433 4730
5360 10780
11367 14333
15821 19523
21262 24035
24581 33179
33612 38646
38787 40243
40325 41073
41534 45025
45255 47956
49077 49974
50963 51360
51918 53242
54073 54378
54568 54905
55899 57661
57755 58550
58797 58855
59809 60284
61106 61396
61891 64134
64645 64711
65788 66215
66302 68029
68628 68836
69238 69590
69766 70628
71115 71507
73485 74783
74861 79636
79946 80782
83453 84058
85117 87928
88819 89131
89626 90559
91044 91623
91851 93494
93690 94943
95024 95618
95793 97938
98016 98880
99080 99413
100146 100798
100876 101109
103195 104425
104870 105247
105861 105923
106731 106830
107055 107371
107492 108377
109779 110984
111141 112682
112760 113337
113434 114978
115538 117189
117267 118329
118808 122199
122571 122624
123797 123895
124156 125765
126218 126707
126845 126916
127057 127393
127474 130492
132171 132383
133651 135586
136150 137044
137966 139266
139792 142759
143164 144263
144367 145069
Tp_ends_39g01.p1k
1 14693
Tp_ends_40b06.q1k
5395 5456
5703 8976
9109 14708
tryp_IXa_16h03.q1c
1 11697
tryp_IXb_1c10.p1c
1 202
314 543
622 1022
1090 1625
1693 1757
2089 2156
2290 2815
2883 4111
4214 4326
4980 5508
5897 6142
6989 7385
9652 12748
12893 13314
13928 14207
14495 14723
16478 16914
17036 17163
17257 17644
tryp_IXb_217g08.q1c
1 1633
1731 1818
1904 2222
2376 7164
8171 8374
8475 8670
14913 15170
15328 15425
15609 15691
16317 16688
16766 17398
17488 17540
17637 18212
18508 18832
19137 21401
21538 38086
38278 39147
39898 53694
53848 57482
58815 59578
60006 61519
61597 63140
63285 63712
64553 66376
66521 66582
66919 67612
67861 67947
68142 70109
70209 70987
71084 75013
tryp_IXb_218d07.p1c
1 22041
25887 32145
32265 39873
40695 44147
46297 50808
51059 57624
57708 59294
60823 95627
96636 100278
100437 104094
104294 107484
107929 123250
123536 126190
128975 131251
132384 132754
135416 154726
155020 155594
157792 159591
159683 160746
161474 163189
163724 164991
165239 165547
166356 169032
170135 170238
170677 173874
174416 174802
174880 176821
177272 178213
179235 191314
191387 192288
192413 193807
194296 195177
202046 202331
202709 202892
203124 209141
209780 209890
213417 217976
tryp_IXb_247f12.p1c
1 13252
tryp_IXb_277d03.p1c
1 12110
13325 13947
tryp_IXb_314f06.q1c
1 2820
4320 4695
6938 7079
7648 8092
8211 9021
9162 9952
10527 10665
11078 12950
13546 13994
14229 14405
15029 15109
15333 16480
16556 17772
19913 20177
20803 21233
21301 23416
23504 25547
25653 27405
27671 27951
28034 30465
tryp_IXb_43g07.q1c
1 2930
5367 5522
6383 8338
8701 15683
tryp_IXb_68a05.p2k3050
1 16662
16733 16929
17858 19577
19682 20743
21058 21269
22653 24479
24555 36589
36813 42926
43021 43577
44236 44357
44701 45530
45858 46933
47043 57455
57535 57661
57742 58538
58685 59400
59656 59953
60091 60649
60908 64100
64757 64893
65497 65789
66142 69232
tryp_IXb_6d06.q1c
1 10228
tryp_IXb_6g03.q1c
1 1467
1557 3477
3572 6992
7365 7885
8940 12929
13049 14978
15088 16123
16246 24753
25544 26972
27041 27494
27703 28938
29029 29252
29668 29839
31724 33112
33178 33378
33648 34358
34859 40856
tryp_IXb_73h01.q1c
1 6569
6711 8043
8545 8747
8819 13950
14081 21800
21972 22135
22574 29393
29491 36763
tryp_IXb_86g11.p1c
1 2431
2670 2961
3728 4231
4581 4661
4742 4974
5093 6328
6728 7051
7232 7287
7504 13085
13301 13783
tryp_IXb_93a04.p1c
1 918
1790 4912
5048 6314
8447 8902
8975 9258
9377 9886
9964 10049
10242 16513
16661 18395
18757 19342
20018 24248
tryp_IXb_98e04.q1c
1 11041
tryp_X_106b08.p1c
1 12960
tryp_X_149c07.p1c
1034 1193
1277 2274
9262 10157
tryp_X_149e07.q1c
1 12369
tryp_X_155h05.q1c
1 4029
4155 7681
8647 9310
9743 9811
10148 10413
11137 12214
12558 13024
15092 15477
17612 17776
tryp_X_174f04.q1c
1 12164
12477 19856
19998 22093
22171 22661
tryp_X_179b07.p1c
1 86
88 4881
4980 8929
9759 11149
11610 19430
tryp_X_188b09.p2kB601
1 520
1377 2361
2573 3394
3396 5046
5715 5865
6537 7178
11155 11413
11517 12044
12856 13888
14139 14226
14558 14724
15422 17617
18092 21794
21876 22265
22382 23886
24177 26029
tryp_X_206a03.p1c
1 4840
tryp_X_220a01.q1c
1 205
736 7169
9654 12016
12103 14179
14333 15894
16164 17459
17528 28686
29353 30489
tryp_X_232f09.q1c
1 409
989 3249
3900 4417
4616 7360
7902 8809
8897 9053
9183 9744
11515 12357
tryp_X_254c10.q1c
1 1976
2065 7337
7643 7740
7978 13950
14339 15095
15799 16836
17292 18617
19339 23013
24095 25447
25515 27137
27486 27590
28089 30153
30651 30792
30961 32679
32778 33202
33336 33536
33730 34441
34562 37806
38402 39053
39886 40115
40371 43683
43813 43876
44146 44489
45059 45471
45965 46057
46389 46639
47443 47629
51355 51517
51606 52427
55579 55800
56013 56093
59326 61122
tryp_X_264e11.p1c
1 11160
tryp_X_275g09.p1c
1 10245
tryp_X_276b11.q1c
2401 2454
7215 7803
8592 8790
8983 9241
10291 11619
11691 12771
14372 15207
17676 18598
19285 20124
23508 23896
27168 28464
28744 28807
29005 29120
29564 29908
29986 30439
30577 31122
tryp_X_284f09.p1c
1 8074
8206 42529
tryp_X_302f11.q1ca
1 7788
7895 27720
27958 28312
29253 29381
33150 34721
35162 35865
39421 39937
43752 44050
44366 44671
45222 45571
48945 49303
50714 50994
51083 51863
54505 56331
57118 57740
57854 58113
59066 59246
59391 59611
59711 59823
59970 60037
60903 62050
63222 63370
64670 64779
tryp_X_313e04.q2kB520
15 579
730 1779
2018 2077
2175 3060
3401 3596
3830 4148
4515 5138
5235 5973
6271 7750
7878 9172
9822 14113
14115 14787
14892 16884
16886 16976
tryp_X_324h11.p1k
96 1175
1644 1773
2104 2342
2866 3340
3637 3852
4447 5979
6570 6700
7224 8186
13809 13952
15034 15127
15229 15676
16563 16614
17788 18191
21059 21266
23368 23600
24648 24893
25702 25814
27959 28010
28095 28282
30088 30242
31878 33066
34683 34974
40001 40106
43545 43916
51168 51924
53022 53261
57982 58181
62019 62172
62980 63066
65131 65614
65704 65974
66210 66530
69765 70150
75017 76795
79018 79251
83843 83916
88078 88329
89345 89621
tryp_X_333c11.p1c
1 668
670 32628
tryp_X_36a02.p1c
1 177
1148 2369
2452 4810
5365 5556
6164 6513
6696 8522
8609 8816
9698 10338
10474 11782
11997 12882
12970 13373
13623 15758
tryp_X_423d07.p2kB114
1 512
1027 1251
1364 2037
2795 2906
4624 4681
4985 5170
5774 5918
6026 6078
7925 11450
11551 16506
tryp_X_432f03.p2kB42
1 15352
tryp_X_448g06.q1c
93 663
665 2632
2634 4038
4141 4252
4254 4598
4699 5817
5819 10674
17699 17981
18274 18788
19044 19407
24686 27284
27331 28045
28084 30963
31204 34543
34681 34848
35415 36708
36789 37600
37833 38249
38819 39481
40069 40226
40385 42953
43054 43114
43981 46568
tryp_X_46d09.q1c
1 5433
5765 6253
6552 6616
6894 7680
7871 8470
14786 14877
tryp_X_48f04.q1c
1 153
1349 2225
2827 3214
3283 3368
3442 3687
4282 4628
4947 5149
5813 5951
6131 6589
6771 8170
9515 10551
10697 11014
11132 12097
tryp_X_50f09.p2kB193
1 872
954 1289
2291 13414
13553 13710
14115 14545
14686 15431
15639 18003
18081 24412
24641 29434
29948 30017
30110 33761
tryp_X_54d09.q1c
1 288
391 2627
2757 15178
tryp_X_68d04.q1c
1 16576
tryp_X_76f06.p1c
8088 8741
8899 9246
9806 9945
23974 24183
33980 38984
43116 44173
44877 45189
45323 45570
45712 49467
tryp_XI_1007b07.p1k
1 10284
tryp_XI_1007c06.p1k
1 11412
11504 11628
tryp_XI_1011b06.p1k
1 16074
tryp_XI_1026a03.q1k
1 2141
2143 15855
tryp_XI_1032b03.p2k737
1 608
770 3057
3352 3865
4017 7911
9614 10439
10909 19841
19922 20514
22357 23567
23645 23899
23984 24144
24933 25035
25140 25316
25758 27206
27514 27739
27869 28160
28315 28374
28609 28695
29441 30280
30479 30661
tryp_XI_1032h01.q1k
1 14763
16505 16654
18923 32620
33049 37736
38425 40317
tryp_XI_1036e06.p1k
1 373
1050 12183
12702 12784
13049 23350
24379 25418
26367 35719
tryp_XI_1056c09.q1k
1 20378
tryp_XI_1079d10.p1k
1 6575
6710 9403
9585 9746
9883 12108
tryp_XI_1084b11.p1k
1 413
543 13525
tryp_XI_1094c12.q2k740
37 106
153 1649
2213 12271
tryp_XI_1113h05.p1k
1 2529
2771 3174
6507 13831
13944 16832
16834 18544
18546 18607
18800 18867
18968 19136
tryp_XI_1126c12.p1k
1 4852
4973 11002
tryp_XI_1130e12.q1k
356 4252
4463 6967
8916 18674
18676 18842
18861 18935
18937 19025
19088 19338
tryp_XI_1133d10.q1k
138 2705
2795 5326
7259 7459
7626 7682
7803 8085
8178 11744
11853 17783
tryp_XI_1138e03.p1k
1 13223
tryp_XI_1144a03.p1k
1 8673
8884 12088
12389 18242
tryp_XI_1150d08.q1k
1 21727
tryp_XI_1152c10.p2kA602
1 3356
4583 5728
6720 9957
10081 10370
10499 10845
10987 11129
11378 11608
11937 12575
13133 13544
tryp_XI_139f04.p1c
1 1336
1425 2113
5188 11080
tryp_XI_147f01.q1ca
1 12916
tryp_XI_256a10.p1c
1 1329
2004 14750
14826 21152
tryp_XI_266b02.p1c
1 1647
2102 2256
3202 4344
4734 5589
5667 8097
8187 10155
11282 12330
tryp_XI_270f07.q2k6013
1 975
2294 2605
4812 7045
7118 7177
7358 8796
9570 14898
tryp_XI_285a11.p1c
1 7089
7091 9216
9292 10260
10361 11225
11367 11608
tryp_XI_311f03.p2k913w
1 7664
8026 8404
8652 11389
tryp_XI_314d08.p1ka
1 66
413 1807
2038 2238
3024 3110
3483 5982
6755 8561
9646 11111
tryp_XI_321e04.q2k4065
1 6961
7055 11622
tryp_XI_339b02.q2k2024
49 584
1804 4921
5522 5578
5828 5879
6176 10234
11069 11782
tryp_XI_361h08.q1k
1 3682
4056 5274
5471 10695
11285 15471
tryp_XI_374h12.q2kA203
1 1714
1801 2316
2383 5968
6095 6557
6729 10751
10822 17417
tryp_XI_390c04.p2kA614
1 196
198 289
291 13811
tryp_XI_396e01.q2k3025
1 15346
tryp_XI_425g10.p1k
1 5555
7552 9414
10550 10670
10739 11364
11792 12528
12737 15011
tryp_XI_431h02.p1k
1 4087
4089 18232
18372 18464
tryp_XI_467d06.p1k
1 18089
tryp_XI_476g10.q2k4126
1 16887
17378 17549
17551 18507
19014 21187
tryp_XI_833h02.p1k
1 5503
5585 9079
9966 11873
12287 14290
14618 15929
tryp_XI_862d07.q2kd7148
1 10206
10315 15059
tryp_XI_872c11.p1k
1 61
212 4484
4589 12873
12875 14115
tryp_XI_881g06.q2k5028
1 489
629 762
1320 2388
2585 2743
2854 10967
11089 18920
tryp_XI_884a07.p1k
1 1724
2230 17182
tryp_XI_887c11.p1k
1 2458
2727 3117
3290 16101
tryp_XI_891h01.q1k
1 12322
12700 14799
14977 20748
tryp_XI_899c04.q1k
1 2162
2432 6720
6830 7887
8021 8601
9161 9371
10355 26578
tryp_XI_905b11.p1k
1 15392
tryp_XI_925b07.q1k
1 11870
tryp_XI_944g01.q1k
1 844
885 10348
10376 11830
tryp_XI_944h10.q1k
1 151
153 306
780 2016
2668 3708
3804 7349
7464 8272
10517 10952
11486 12347
12702 13533
13959 14458
15358 17154
17439 17555
17692 17819
17978 18365
tryp_XI_967a04.q1k
1 25825
tryp_XI_974h12.q1k
1 14452
tryp_XI_976e03.p2kA567
1 2160
2490 3325
3327 12490
12492 12566
12568 12646
12648 13968
13970 15712
16280 17608
tryp_XI_983f02.p1k
1 3136
3216 3277
3284 3925
4414 4806
4928 6211
6445 6936
6938 8762
8871 9865
11150 11398
11476 13224
tryp_XI_989c01.p1k
1 6405
6407 6614
6616 11722
tryp_XI_994c05.p2k850
1 5299
5510 5970
6054 6425
6671 6827
6905 7029
7279 10289
10362 11448
11575 11796
11890 12447
