Tb927_01_v5.1
1 2213
3043 4321
4403 4863
4942 5096
5197 5304
5394 5537
5841 6046
6118 10362
11519 12682
12980 39472
39665 40385
40760 41248
42265 44117
45384 45851
46115 46313
48439 51243
51374 60749
61622 61784
62306 63309
64563 66879
67055 67274
67427 69750
71175 71292
71406 71972
72280 72489
72674 72820
72899 74075
74322 77683
78203 79362
79504 82369
82537 82934
83000 83088
83292 85010
85232 85306
85475 100244
100401 102784
103013 103209
104107 105410
105570 105733
106223 107087
107621 108763
109311 112196
113034 113766
114297 116091
117089 121421
122849 127601
127717 127797
134397 140128
140686 140746
141393 146980
147213 148344
148494 150476
150783 150955
151048 151688
152346 154706
156403 159358
160497 172680
173018 174698
174774 177056
177595 179109
180097 180923
181377 186559
187101 188661
189218 191221
191347 192535
193266 196704
198864 198922
199432 199905
200073 200291
202694 203253
204492 204689
211959 214009
223892 225475
232647 232732
234422 235022
236016 236450
244662 245265
284931 286050
298662 299915
311591 311786
372382 372960
442878 462123
467736 467836
522546 524281
531750 532157
563271 563382
563523 563722
563812 563910
564162 564315
564630 564770
565899 566099
566239 566356
566747 566919
568135 568192
568289 568404
569938 570145
571296 577170
577312 582709
584596 585873
587178 587494
587575 588989
589096 589493
592298 596979
597827 599417
600041 603131
614414 614508
614698 614838
615434 615868
638086 638631
638759 647832
689175 689406
741439 741521
741791 741846
742004 742059
742487 742631
742717 742821
742899 742957
743046 743214
743328 743384
743501 743557
743921 743985
744231 744318
744786 744891
744975 745043
745589 745717
745908 745957
746458 746545
747135 747205
747352 747509
747822 747921
748010 748062
748935 748993
749631 749685
749822 749881
750150 750255
750665 750786
750867 750957
751191 751276
752906 752962
771175 775733
780280 785476
785547 791336
791458 803596
803873 805266
805410 809124
843501 844368
860165 860353
875194 875323
939800 940236
941852 945913
946505 954754
955370 955806
957407 957494
957886 957958
958254 958520
959272 959333
959896 959958
970820 971011
988877 990894
991544 992103
992289 992516
992646 993463
993564 993640
993713 993950
994207 994384
994850 995768
996483 997285
998367 998549
1002303 1002511
1003638 1003861
1010935 1011635
1011805 1011859
1013414 1014001
1014323 1014678
1015078 1015322
1016314 1016694
1017044 1017813
1018378 1018598
1018676 1019429
1019705 1020035
1022333 1022445
1023113 1023314
1024029 1024122
1024834 1024912
1025008 1025628
1025795 1026008
1027710 1028081
1028890 1029026
1032633 1034637
1034788 1040332
1042457 1047004
1047250 1049495
1049709 1053326
1053747 1054370
1054943 1055665
1055868 1058569
1058767 1060968
1061110 1061199
1061300 1062175
1062250 1062452
1062562 1062659
1062842 1063788
1064089 1064672
Tb927_02_v5.1
1 4824
5358 6824
6950 18409
19960 20061
20533 20623
22256 25704
26406 28333
28400 28728
30591 46962
48305 52467
52631 52945
53191 53563
53724 53849
54936 55055
55213 55457
55740 57240
58040 64357
65127 66133
66430 69721
70397 80754
81049 81126
81579 84559
86201 93884
94126 94312
94586 97858
99375 101099
101236 107378
107508 108995
109846 110067
110137 110831
111428 112394
112505 114475
115042 116264
116556 117418
117962 130206
131091 131741
131828 131928
132050 132103
132181 132265
132420 132899
133089 133573
134515 135360
135655 135967
136052 136103
136286 136815
137152 137219
137552 139005
139182 142696
142772 144765
144973 145318
145475 145860
146048 147411
147527 147589
147711 149063
150534 151395
152186 153158
154049 155338
155426 163476
164393 167294
167431 167516
168923 169216
170062 170580
171455 172932
173992 185207
185333 185728
185868 187123
187238 192288
193731 194020
194583 195018
195585 197052
197206 197404
197593 205671
206333 208685
209688 211469
212104 219400
219622 219837
220571 221164
221261 225334
225429 225542
225665 225749
226074 226183
226322 226511
226759 226941
227051 227762
228477 228527
230120 232136
232777 233832
234803 236793
237870 239817
241261 245826
246561 247602
248596 248872
249063 251423
251710 253916
258006 271813
272339 289733
289916 289965
290361 298785
299250 300079
301401 301780
301893 301988
302128 303071
303241 303652
304115 304218
304302 305470
343565 343732
349733 349903
359046 359772
359854 368194
368356 371767
371928 373958
374813 376396
377183 377875
378568 378627
378719 386719
397173 397352
405878 406126
406783 406990
415097 415717
448960 449132
451638 451697
451874 451968
539650 539822
540573 540675
540767 540847
541269 541326
541768 542242
542405 542473
542883 543170
543295 543441
543750 543971
554849 554951
582139 582202
582282 582354
582650 582704
582783 582832
583041 583194
584363 584869
596001 597314
597820 610716
612025 615786
616862 616972
624846 625150
638789 638882
712455 713913
745360 752168
820208 821455
844048 846327
863727 869141
899037 899513
900634 900979
902077 902403
903042 903175
903346 904961
942470 946990
947605 948466
949530 951392
951976 957718
973860 997426
1035468 1036782
1060684 1063754
1064476 1067560
1077123 1077375
1106414 1107185
1108005 1108704
1109559 1109673
1110053 1110312
1110437 1110813
1116877 1119182
1119872 1120102
1120180 1128057
1131089 1131327
1131973 1137306
1138233 1149368
1149456 1159558
1162556 1163980
1165326 1166088
1166557 1167632
1168637 1168723
1169205 1169910
1170193 1170302
1170408 1172752
1173135 1173737
1176354 1176656
1178185 1181057
1184038 1184611
1184693 1184911
1185265 1185651
1185828 1187153
1187282 1188469
1188868 1192380
1192473 1192572
1192671 1192738
1192829 1193948
Tb927_03_v5.1
1 462
726 859
975 1144
1214 1676
1760 2098
2856 3249
3979 4741
6208 8999
9076 11826
16028 16094
18388 19284
19354 19498
22294 23207
24211 29217
35974 36030
36595 37734
37962 38256
38329 38820
41324 42150
43037 43509
45110 45267
46207 47118
47884 48223
48764 49180
49342 49708
49976 50362
51844 52583
52977 53925
54731 54810
55010 55468
59047 59260
59418 60145
61242 61822
63157 64281
65047 65339
67928 75185
78819 79098
85100 85274
89723 90031
92617 92738
94489 94815
99471 100150
101059 101156
101766 101843
101955 102213
102948 103372
103504 104211
107269 114969
115464 116512
116619 116922
117300 120565
122910 123905
125927 126225
126747 126990
136575 136917
144139 144409
152003 153188
154487 155535
161465 161621
168055 168376
261046 262383
372990 375740
389567 395635
400798 401630
494221 494531
634483 634716
634841 636814
640287 644269
754013 754088
754335 754441
754546 754728
818781 820635
851878 852380
875498 880791
881550 881767
884281 892474
895815 897092
899147 919663
923194 928123
928217 951115
952168 974143
1053413 1055723
1092464 1092892
1123050 1123259
1123261 1123483
1147872 1148004
1149126 1149372
1150178 1154786
1155110 1155200
1155678 1158609
1169085 1169284
1189560 1189865
1208920 1212777
1215018 1219266
1236971 1238038
1285824 1286089
1334366 1342498
1407349 1407547
1466504 1467115
1478014 1478669
1492597 1495033
1547865 1548855
1586128 1590252
1590571 1590770
1591108 1591323
1591391 1591615
1592222 1592309
1592862 1593124
1593975 1602770
1603038 1605277
1605815 1608915
1609122 1610500
1610616 1611207
1611373 1612206
1612490 1612850
1612975 1615208
1615530 1615851
1616290 1616521
1616667 1617476
1626100 1626273
1626437 1629962
1631020 1637035
1637756 1637862
1639909 1639966
1640128 1640359
1640816 1642506
1642787 1643710
1644343 1644800
1648297 1649414
1650406 1651049
1651703 1652177
1652842 1652991
Tb927_04_v5.1
223 3289
3643 5813
6080 7376
7883 8137
8251 8815
9121 10485
11370 13898
14797 15080
15330 22825
23616 26470
26655 28764
29282 29535
29867 30828
30897 31413
31514 31740
32114 32268
32749 32866
33012 33572
33716 35394
35535 37066
37431 39331
40786 40851
41071 42067
42855 47931
48448 51444
51530 51582
51804 52039
52558 64932
66469 67922
69355 69580
69658 77632
307931 309060
318164 318241
320100 320445
468014 468063
469806 469927
470813 470917
470988 471205
471274 471337
471644 471815
471888 471946
472034 472260
475445 475495
477406 477507
478631 478758
479061 479192
518736 521800
521944 526912
527820 528284
840689 841012
842156 843763
843893 844049
844126 857165
898976 899299
903224 903317
905199 905905
907060 907153
911830 912018
914337 915509
916537 916705
917597 919146
921830 922884
923751 925917
940584 942070
949681 949973
950756 953320
954426 958580
962237 962748
974437 975535
976187 976903
980928 981149
983443 983649
984564 984710
1006830 1010045
1010740 1012710
1013409 1013985
1014976 1016170
1016915 1021337
1031041 1031599
1046999 1047818
1050744 1050800
1051480 1051726
1053097 1053356
1054029 1054298
1059111 1062344
1063428 1064079
1064899 1068740
1073033 1073174
1090084 1090857
1092237 1094920
1101588 1101912
1125185 1126879
1128796 1133272
1136062 1136998
1146060 1146216
1147498 1147797
1155060 1157637
1167372 1186904
1188141 1196180
1196861 1198248
1235243 1235429
1235779 1235913
1235989 1236213
1236304 1236378
1236589 1236827
1236928 1237022
1237299 1237355
1237446 1237746
1241891 1243156
1253101 1253391
1262363 1262534
1263101 1263170
1263696 1263856
1269750 1269943
1270481 1270546
1271730 1271957
1284991 1285161
1285755 1285894
1286815 1286915
1287521 1287600
1287678 1288516
1302755 1303177
1307614 1307862
1311187 1311437
1319269 1320648
1321426 1329221
1329977 1330081
1347334 1352734
1358677 1360328
1361562 1362200
1366673 1379040
1380152 1380988
1384638 1386216
1401470 1403429
1403541 1403648
1404648 1404961
1408611 1410848
1415718 1415943
1425612 1427293
1429130 1437159
1438230 1438308
1438681 1438777
1438898 1438991
1439152 1439333
1440167 1440266
1440639 1440814
1441097 1441183
1441642 1441698
1443354 1444002
1445958 1446276
1453228 1454053
1456127 1466853
1467542 1467720
1469279 1469652
1470606 1473936
1474009 1474243
1474872 1475022
1476408 1487529
1487821 1489613
1491842 1492497
1492812 1494417
1494973 1499087
1499285 1500411
1500487 1501040
1502129 1502599
1502940 1503224
1503326 1507890
1507973 1508024
1508330 1509548
1509724 1510074
1510295 1510407
1515548 1516021
1516432 1518882
1529595 1530537
1538928 1539151
1544178 1545030
1549223 1549461
1550167 1554894
1556233 1556297
1557338 1557710
1560421 1560598
1562131 1562480
1564274 1564606
1565809 1565954
1566082 1566494
1566917 1567215
1573027 1573114
1575280 1575351
1575735 1576179
1577731 1578201
1578993 1579387
1579484 1579739
1580205 1580456
1580601 1580671
1581361 1581563
1582336 1582580
1583079 1583700
1584261 1584350
Tb927_05_v5.1
1 2157
2460 3203
3625 5158
5530 10374
16495 19400
19569 19875
20231 21399
21512 22288
22681 23686
23781 23914
24250 24389
24475 25202
25750 41463
41600 42226
42303 42914
43091 43276
43424 48054
48399 49391
51344 51411
51554 51652
54163 54431
54597 55451
56923 59883
60096 64987
65950 66871
67393 67829
68339 69009
70530 70934
71803 74185
80375 85227
90658 106606
111710 115826
116377 118940
119591 119863
120637 122709
122831 124588
124766 125609
126984 129942
131259 138895
139431 144213
144752 146247
147722 162170
163742 181955
185099 189355
190605 191575
205214 206211
245870 247912
247990 248146
248359 248946
251194 256466
276631 276829
353645 353744
356005 361777
362596 363357
367718 368978
419519 420062
425271 436816
463894 464029
492085 492265
504862 505379
505466 506922
506992 507047
507556 507830
508085 508717
510107 510382
511022 511124
511335 512770
512863 513719
514774 514994
568574 568762
579504 579701
596176 596699
620808 621042
622144 624806
628493 631482
687136 688181
688770 691565
691651 691995
693008 693176
693350 693435
693637 694154
704240 704313
739861 740049
740208 745214
747719 748522
749173 753885
757462 761566
835040 835637
835954 836069
836890 836997
853867 853983
854235 854314
1089502 1089769
1194690 1194769
1194839 1194979
1195139 1195229
1195849 1195931
1196672 1196738
1196937 1196998
1211851 1212283
1230290 1232054
1289518 1290333
1327952 1329346
1329871 1335023
1397344 1414311
1420233 1423922
1427788 1428112
1428199 1428500
1428580 1428676
1428946 1430533
1430637 1431023
1431114 1431327
1431908 1433685
1434610 1434838
1439152 1447687
1448004 1449581
1455968 1457504
1457588 1459365
1460146 1460759
1462375 1462514
1470967 1471925
1472041 1472747
1474517 1474638
1475210 1475528
1476358 1476716
1486674 1492159
1492271 1492546
1492680 1495948
1496026 1498334
1502765 1505298
1506054 1507017
1510505 1512479
1512654 1512776
1513342 1514626
1515524 1519215
1522216 1524405
1525807 1526194
1530421 1530911
1538252 1538985
1544464 1545755
1546797 1548510
1549352 1561484
1564470 1564726
1564972 1565253
1565927 1568353
1569183 1571801
1573287 1573690
1573769 1575309
1576051 1577233
1580357 1588275
1590624 1592205
1593134 1611436
1616170 1618765
1619146 1620343
1621143 1622186
1626779 1627009
1629238 1645412
1647191 1651740
1651827 1663804
1665925 1666867
1667403 1669596
1670650 1675387
1675467 1675528
1675752 1676014
1676185 1680468
1681129 1683250
1683441 1686542
1686628 1691577
1693407 1695104
1695175 1696013
1696133 1697477
1697588 1698114
1699651 1709915
1710988 1711863
1712925 1715849
1716371 1721263
1724367 1724563
1726494 1727051
1727146 1731966
1734358 1734652
1734801 1735018
1735149 1735360
1735982 1736575
1737449 1737505
1738206 1741320
1741585 1741648
1742034 1743216
1743316 1743658
1743982 1747625
1748072 1751021
1751171 1756096
1756841 1761091
1762168 1766430
1766695 1769325
1769488 1769960
1773641 1775671
1776014 1776310
1778023 1778076
1780647 1780747
1783580 1784926
1786284 1786388
1788832 1789824
1791906 1800647
1801307 1802303
Tb927_06_v5.1
1 849
1527 6562
7185 7670
7757 10518
10684 11896
11979 12329
12406 12755
15126 15523
16183 16381
16888 17791
18315 19034
19132 19569
23199 23723
24132 24499
24847 25150
25778 44830
46008 46678
47377 48304
48449 48975
49078 51403
51591 51789
51903 53625
54227 58678
59154 62330
62391 64353
64870 69643
79412 79656
85534 86543
87801 90814
93993 94071
94578 95224
115593 123680
126254 129243
130113 132176
133204 133888
134843 150549
150690 155507
155609 173328
179173 179910
181401 187752
200020 201454
202283 203738
210641 225789
227248 228324
232483 235567
265938 266418
270147 270386
271489 271747
272787 273012
286135 286280
314276 319187
319724 331868
332838 334292
336701 338672
343158 343335
346943 347064
347135 347304
348064 348207
348317 348467
348769 348833
349013 349081
396988 398636
405002 415502
416900 423866
480182 480324
481725 483126
483338 483749
487091 503882
537805 537897
597511 598391
613648 617238
617807 619074
658815 658990
687561 689165
704912 705241
717139 719376
720193 726246
779680 779819
780784 781388
987321 1005209
1054038 1054349
1117582 1117814
1126372 1128459
1181262 1181422
1220794 1223074
1281189 1282145
1282809 1283022
1307522 1307897
1344345 1354461
1354983 1357099
1358522 1362652
1402464 1402703
1416243 1416635
1418856 1420004
1422518 1422826
1423698 1423755
1424565 1425378
1425554 1425643
1425893 1427721
1427886 1432541
1432982 1433052
1435018 1435367
1435490 1437997
1438643 1438771
1438926 1439096
1439396 1439563
1440685 1440855
1442228 1443727
1446566 1447219
1448129 1448500
1448778 1448850
1449343 1449734
1450874 1451069
1451800 1452944
1455032 1455140
1455259 1455342
1455473 1455774
1456438 1456587
1457652 1457858
1457947 1458066
1459334 1460146
1462270 1464041
1464306 1468070
1469191 1469731
1471604 1474484
1474610 1484159
1484416 1492836
1493064 1495412
1495829 1496348
1497075 1497276
1497441 1499155
1499320 1500057
1500154 1500409
1501242 1501916
1502014 1514967
1515045 1515204
1515369 1517040
1517246 1521560
1521665 1524580
1524787 1525142
1525300 1525888
1526034 1527101
1527920 1530116
1530261 1532140
1532325 1532685
1533001 1535781
1535896 1538285
1538486 1538903
1539805 1540369
1540810 1541187
1541293 1550869
1550988 1551346
1551438 1551642
1551916 1555231
1556744 1559162
1559300 1561039
1561295 1563419
1563728 1565011
1565086 1567043
1567274 1567837
1568422 1568629
1568961 1570587
1572316 1572729
1572963 1575131
1575273 1575700
1575885 1575981
1576138 1577914
1579175 1580945
1581055 1582939
1583097 1585478
1586022 1587423
1587495 1592646
1594350 1594545
1594978 1600892
1601214 1604426
1604604 1605017
1606024 1608497
1608944 1613066
1613582 1614332
1615728 1616238
1616500 1616565
1616827 1617011
1617669 1618140
1618208 1618424
1618734 1618915
Tb927_07_v5.1
1 510
1954 2165
3124 3180
3731 4115
5011 5447
5631 6416
7898 8048
10124 11495
15300 25040
25581 25764
25910 26676
29469 29814
31076 31848
38084 39392
43305 43830
64919 70566
71396 72954
73776 77537
78863 81044
95617 96737
101087 101534
147770 148026
184879 185592
231085 231615
291322 292556
329261 332280
347713 347917
429044 430056
465354 470972
473044 492399
492988 513453
548049 575376
599997 601054
639958 640258
677489 677685
678292 678893
681268 681464
681982 682181
728914 732474
733163 735196
735198 740358
837052 839734
861282 863424
864012 864523
865467 869275
891806 893113
933735 933785
970460 970535
998931 1001781
1099823 1102545
1125027 1125171
1125960 1126404
1130435 1134037
1134963 1135252
1136575 1136656
1157508 1158973
1218105 1285778
1297040 1297239
1300140 1300355
1311456 1315308
1316015 1316255
1324593 1326296
1332645 1332743
1348632 1348788
1353871 1354110
1362977 1363514
1418769 1418996
1421068 1421304
1422987 1423078
1423499 1423668
1424065 1424186
1424518 1424664
1424835 1424956
1425032 1425098
1425368 1425484
1432703 1433212
1435352 1436230
1436477 1436624
1436765 1437186
1439407 1439686
1439796 1439906
1443629 1444472
1450672 1451209
1452933 1456390
1456925 1457173
1458655 1459765
1463000 1463148
1480698 1480995
1481630 1481779
1489045 1489323
1500317 1500624
1502632 1502939
1503517 1503970
1521041 1521248
1532763 1533077
1550630 1550929
1555226 1555492
1558002 1558060
1563325 1563400
1563629 1563681
1565303 1565425
1590123 1591527
1592608 1594578
1599308 1599796
1600648 1600882
1601699 1601895
1602642 1602885
1603845 1604229
1604942 1607118
1608441 1617513
1618707 1620801
1625711 1630810
1633007 1646188
1649340 1653389
1653582 1656284
1657247 1657496
1665369 1667008
1667614 1667664
1669295 1669989
1675419 1675742
1766170 1766396
1772902 1773160
1773237 1773362
1780248 1780334
1783157 1783247
1784722 1789369
1789991 1790335
1790847 1791751
1792716 1792953
1794183 1794401
1795447 1797657
1797778 1798595
1799391 1800398
1800579 1802308
1803078 1803546
1851707 1851869
1892296 1895093
1917809 1919371
1928781 1928983
1930024 1931330
1935227 1935327
1937236 1946805
1946955 1949963
1950029 1954522
1955154 1956025
1957691 1961326
2032415 2035160
2125167 2126668
2126746 2128465
2128557 2128625
2151137 2151437
2153933 2154261
2158264 2158462
2175563 2175673
2175848 2176065
2177131 2179417
2180241 2180540
2181518 2183920
2184054 2184129
2186192 2188828
2190222 2194601
2196585 2197522
2198389 2198592
2199292 2204574
Tb927_08_v5.1
12892 17002
26240 26444
27010 27178
28154 28326
28402 28881
29989 30048
31492 31717
32370 32949
33547 33719
40216 40581
44121 44531
45124 45901
45980 46043
46675 46882
47541 47921
49185 49255
49354 49722
50059 50150
50827 51264
53625 58175
59577 60000
60273 60777
61668 61958
64226 64400
66872 67055
67821 68257
68973 69370
70435 70833
74891 75322
78315 78410
80647 81020
81405 81691
81781 82586
85042 85293
86016 87358
87972 89345
90008 90518
91297 92206
93088 94067
95673 97225
104181 104841
106019 106302
107792 107909
111132 111413
116265 116708
119653 119826
120623 123231
124661 125429
126045 126377
127830 129917
129995 133357
136948 137160
141541 141788
142656 145165
206281 206391
208708 210516
279885 280118
287063 288297
298802 307885
309197 309568
369092 369255
370126 376254
386250 386894
454299 458989
458991 459897
459899 459987
460048 460356
461981 463350
533560 536995
537223 543640
549864 551022
551128 551437
653576 654445
655622 657530
691370 691630
692209 696665
744070 744227
837742 837899
844701 846212
854674 854816
857565 857850
862731 863156
881788 887940
888671 889960
1036207 1036470
1036755 1038667
1039980 1044566
1051733 1051940
1054997 1055204
1060927 1062464
1084313 1084422
1085468 1085881
1088644 1091411
1092373 1092482
1093657 1095134
1114762 1115017
1119852 1120063
1122481 1122780
1131396 1131575
1135415 1135586
1152490 1155165
1156660 1157622
1157772 1157851
1158424 1161768
1162875 1164336
1172176 1172324
1173745 1175610
1176942 1177487
1194961 1196147
1198782 1200380
1202240 1203348
1207969 1208322
1209260 1211820
1213044 1218797
1219062 1219318
1380193 1386120
1387521 1394446
1407642 1409479
1410668 1411461
1412772 1412908
1465741 1467201
1474876 1483005
1613161 1613697
1617665 1620557
1877980 1878505
1892361 1892599
1894389 1895428
1942821 1943225
1944392 1944682
1945411 1946193
1947096 1948085
1953628 1953907
1955238 1955748
1994746 1995031
2000529 2000742
2007701 2007868
2012825 2014250
2027321 2028914
2038299 2038617
2057704 2058333
2060946 2061470
2073166 2074228
2078388 2078788
2097648 2101757
2109471 2112189
2125703 2126301
2131501 2131657
2134633 2134869
2144699 2145768
2157328 2157645
2170845 2172847
2187238 2187858
2190766 2191154
2194520 2198498
2199037 2200993
2201867 2204945
2205580 2208526
2209060 2210517
2211149 2211689
2215314 2219274
2230769 2231267
2233033 2233103
2233164 2236556
2237607 2238627
2267070 2267174
2276523 2276699
2276972 2277046
2277147 2277329
2277408 2277564
2277631 2277731
2278070 2278283
2278395 2278448
2298332 2302392
2303546 2310542
2311071 2313102
2313946 2316057
2316097 2316262
2316264 2319618
2320436 2336624
2352296 2352359
2386673 2386786
2388179 2388732
2390079 2390327
2391744 2393590
2396060 2396182
2397309 2398556
2400998 2401051
2417411 2418548
2419577 2425144
2425865 2426142
2427978 2428467
2430130 2430251
2430848 2437125
2437575 2437705
2437918 2438473
2439141 2441382
2441997 2442116
2443596 2445010
2450572 2450892
2458458 2459743
2471430 2471604
Tb927_09_v5.1
937 986
1800 2161
2245 2388
2476 2588
2654 2788
2933 3402
3643 4309
4469 4853
5016 5542
5642 18750
19029 19144
19257 25665
25771 29075
29187 29451
29595 30166
30599 31221
31554 32232
34540 34723
34795 34881
34965 37046
37413 37732
38648 38901
39461 40177
40349 41077
41371 41943
42391 44031
45376 45426
46365 53813
54008 54437
54582 54765
56072 56973
60999 61236
62309 62414
62940 63312
63525 63730
63808 64944
66002 67548
68184 68922
69175 73358
74081 76469
76596 78158
78434 79465
79690 84678
84844 85112
86019 86990
87132 87473
87769 87879
89876 89964
90487 91762
92980 93143
94235 94328
94969 95820
97718 99210
99397 100062
101548 102293
104449 105060
106186 106267
110485 110792
110870 111331
111486 111931
112030 112992
113065 113295
113443 113960
118357 118430
127895 128327
128463 129387
129470 130141
130787 132189
132379 133628
133906 137343
137424 137833
138160 141603
141690 141954
142930 143942
144568 147203
147517 152632
152813 154466
155212 157264
158050 159181
159284 159654
163645 165554
165656 165720
166054 166863
167429 171743
172052 174140
175057 176955
177440 177608
177857 179118
180667 181674
181747 182021
182277 184541
184942 186081
186443 186781
187088 188606
188738 189621
189729 189950
190028 190379
192608 192860
193042 193300
195918 196177
197542 197733
198591 199195
203204 204794
204894 204984
205615 206249
207039 207428
207499 210614
210783 211915
213280 218414
220958 222055
222443 222646
222739 225275
225426 229290
230638 231754
231847 232192
232300 232599
232693 238279
238586 239264
239516 249148
249656 256033
257140 257337
257484 257769
257841 258726
259251 260114
260298 260592
261162 262021
262722 264705
264882 265297
265584 269358
270208 270616
271102 272017
272814 273294
274096 274302
274576 274728
275166 277406
278995 279111
279192 279249
279700 282822
283030 283881
284078 284254
284386 286619
287286 290415
290533 295579
295772 297570
297642 298641
299072 306249
306604 306997
307654 307737
308262 308429
309889 312163
312652 312910
313056 313106
313312 313635
314585 314928
315121 316285
316424 316647
317339 317400
318048 318156
318693 318861
318937 320055
320339 320707
323071 324020
325053 325177
328812 329273
329503 329658
330370 330826
335319 335487
338412 338583
351788 352633
368812 368988
377378 378405
440422 443241
470680 474363
519140 519404
534451 540099
540855 556657
609080 621114
621957 650283
650369 651671
666669 666977
689512 689802
740718 742347
743919 745067
764421 764661
766019 772428
777395 777635
779308 779861
796532 799960
802971 803459
866780 866963
868053 868277
905456 906148
909466 910097
1008962 1009987
1011672 1011839
1012718 1014335
1029569 1030448
1033387 1034201
1044061 1047996
1048529 1048660
1114699 1115594
1121410 1121728
1122726 1123478
1153507 1153824
1185966 1191219
1191290 1192565
1192684 1195804
1196802 1197657
1198533 1198726
1199558 1200855
1201576 1201748
1202208 1204221
1204317 1204483
1206099 1213554
1213738 1221587
1246485 1247592
1287805 1321771
1335932 1336540
1425594 1426644
1426831 1427030
1432916 1434822
1497794 1500050
1502583 1504137
1504920 1505827
1673280 1686246
1751692 1752371
1771230 1771964
1804521 1805272
1875164 1875395
1917279 1918880
1967045 1971644
1975222 1985878
2084887 2085610
2109959 2110250
2123681 2123732
2127126 2127226
2171383 2174915
2178596 2181115
2186240 2186341
2186597 2186754
2197690 2197934
2265150 2266097
2266180 2266531
2266609 2267448
2268085 2272781
2284059 2286612
2289516 2290149
2294760 2294990
2295660 2297115
2297660 2336289
2338114 2338857
2415161 2415722
2418823 2419126
2421432 2423639
2423815 2435549
2436664 2441032
2441546 2444083
2445702 2445817
2448546 2505847
2506707 2506766
2507071 2507127
2507763 2507948
2508039 2508164
2508280 2508631
2512913 2513180
2514288 2518738
2519523 2521457
2522887 2523866
2526075 2538577
2539465 2541237
2542035 2544479
2544984 2546024
2546696 2551961
2553076 2553924
2554008 2555528
2555712 2555761
2555933 2556203
2557247 2559418
2560012 2560535
2560685 2584225
2584328 2588543
2592327 2597337
2597438 2607057
2607136 2625797
2625902 2626486
2626721 2632015
2632772 2638110
2638499 2645980
2649215 2651564
2651631 2653348
2653819 2654967
2655565 2655886
2656137 2656687
2657208 2660463
2661169 2662248
2663099 2663176
2663383 2664342
2664416 2664830
2665175 2666212
2666401 2669121
2669214 2676223
2676453 2678205
2678621 2679175
2679520 2679853
2679958 2680096
2680436 2681879
2682194 2682563
2683102 2691432
2692152 2696036
2696245 2696788
2696918 2698043
2698110 2698412
2698538 2698695
2699068 2701577
2701821 2704534
2704657 2705004
2705206 2705418
2705703 2715598
2715993 2718114
2718202 2719116
2719239 2719737
2719970 2720353
2720436 2722020
2724128 2725428
2726802 2728592
2729112 2729322
2729399 2729511
2729921 2731943
2732341 2747968
2748140 2750172
2750495 2752191
2752893 2757767
2757909 2758021
2758349 2758574
2760672 2768110
2768245 2771604
2771832 2772320
2772410 2773767
2774515 2776030
2776292 2777754
2777890 2780265
2780564 2780789
2781369 2781519
2781861 2782344
2782508 2783328
2783637 2783805
2784063 2784297
2785313 2787052
2787388 2788925
2789210 2789657
2789733 2792541
2792670 2800039
2800554 2800610
2800677 2801225
2801305 2806367
2806486 2807891
2807976 2810612
2810697 2810860
2810942 2811720
2812244 2817178
2817363 2817554
2817641 2818390
2818757 2820826
2821545 2821669
2822009 2823841
2823966 2824737
2825641 2828524
2828974 2829118
2829281 2830387
2830722 2832470
2832709 2835006
2835086 2835213
2835608 2835994
2836151 2844201
2844287 2844574
2845347 2847480
2847780 2849621
2849733 2853776
2854185 2863239
2863327 2870435
2870751 2877313
2877398 2887556
2887842 2888194
2888321 2894011
2894124 2896439
2896561 2896672
2896772 2901298
2901829 2902077
2902174 2902523
2902627 2904192
2904666 2905179
2905261 2905813
2906075 2906989
2907064 2916218
2916933 2917784
2918570 2919358
2919493 2919634
2921430 2921763
2921862 2923243
2923955 2924018
2924087 2924183
2926690 2927043
2927285 2928120
2928563 2928762
2928856 2929983
2930060 2930774
2931042 2931670
2931814 2933862
2934368 2934850
2935013 2935693
2935797 2936126
2936641 2942555
2942758 2959389
2959540 2965770
2966208 2966324
2969260 2969335
2969659 2969913
2970381 2972098
2972300 2973264
2973536 2975235
2975769 2975819
2975983 2976041
2976377 2977554
2977868 2978226
2978559 2979801
2979996 2980165
2980249 2980456
2980811 2980864
2980982 2981127
2981207 2987003
2987074 2992828
2992977 2997026
2997121 2998404
2999113 3001033
3001943 3002006
3002717 3005309
3006641 3008251
3008790 3009466
3009583 3011172
3011931 3012089
3012254 3012446
3012656 3018409
3021369 3021606
3023845 3024257
3024482 3025768
3026232 3026590
3028781 3028910
3030088 3030356
3031288 3031652
3034237 3036067
3036219 3037170
3037556 3038026
3038184 3041089
3041258 3042320
3042413 3042880
3043536 3044583
3045536 3046105
3046386 3047071
3047155 3048791
3050593 3050970
3065452 3066249
3067200 3067384
3067827 3070324
3070838 3072357
3073974 3076359
3076444 3076779
3077557 3078540
3079010 3079441
3080095 3085256
3085399 3097181
3097697 3100243
3100386 3101167
3101287 3103371
3105559 3106268
3107239 3107600
3107983 3108065
3108517 3108605
3108826 3118063
3119911 3124130
3124297 3134149
3134577 3134699
3134809 3137790
3137862 3147726
3147804 3148205
3148320 3149226
3150280 3150698
3151004 3157347
3157425 3162592
3162696 3162855
3163493 3164008
3164239 3178197
3178977 3181466
3183880 3183931
3184508 3185660
3187047 3187274
3188008 3189303
3189393 3191197
3191422 3193400
3193478 3193568
3193760 3194281
3194536 3201397
3202586 3205074
3205161 3205404
3205498 3205692
3207341 3207900
3208630 3213003
3214884 3218777
3219355 3219449
3220401 3220635
3220951 3221510
3222330 3225837
3225935 3226100
3227353 3229004
3229247 3232854
3233018 3237979
3238049 3239864
3241367 3241488
3242002 3242422
3242820 3243582
3243756 3244349
3245405 3245454
3245908 3246021
3247748 3248672
3251059 3254370
3256430 3256701
3256916 3257434
3257803 3261028
3263726 3269520
3270131 3270490
3270594 3273371
3273633 3278375
3278902 3279677
3282696 3287718
3296049 3298542
3298780 3299563
3299707 3300661
3300995 3301977
3302416 3302482
3303369 3303510
3303622 3303720
3306376 3307294
3307366 3307424
3307663 3307777
3308160 3311324
3311654 3317146
3317621 3318392
3318551 3322126
3326814 3339712
3339899 3340541
3341402 3343122
3343698 3347159
3348097 3350343
3350964 3351585
3351949 3352022
3354916 3355401
3358486 3358651
3359228 3360658
3364498 3364728
3365284 3365897
3373004 3373399
3377048 3385942
3386909 3394434
3395087 3406554
3407381 3408238
3409088 3410923
3412460 3414355
3414919 3424927
3425273 3450847
3451364 3451549
3451722 3451865
3453180 3453288
3454957 3455055
3455420 3457727
3457812 3457902
3458320 3459033
3460166 3461288
3461358 3461508
3461617 3461862
3462655 3462733
3463112 3464904
3465570 3466295
3467406 3473087
3473649 3476516
3476692 3477663
3477932 3478645
3478729 3478863
3478942 3479430
3480695 3480801
3480881 3481390
3483284 3483860
3484182 3484303
3484404 3484916
3485416 3503317
3504954 3505042
3505723 3505934
3507318 3508599
3509088 3518064
3519080 3524895
3524999 3526855
3526977 3527148
3527686 3528250
3528332 3528632
3528982 3531598
3531708 3542885
Tb927_10_v5.1
1 451
574 903
1250 1336
1425 5658
5807 12796
13045 17975
18056 32654
32803 32902
33379 35306
35513 36132
36304 39951
40306 45049
45210 49971
50164 50436
50634 53008
53096 55791
55895 56653
57432 57662
57910 57992
58313 58701
61071 63165
75189 75468
117493 117677
123206 123440
128848 131320
131480 131586
131915 132300
133285 134143
136201 136887
147325 147556
153478 153959
180656 180788
185372 185614
196631 196821
239924 241713
243602 244560
277147 277219
279182 280370
280898 281541
282164 284092
328888 329707
330442 331311
368155 369124
373337 373675
380792 385223
391622 391988
449770 450500
451044 451974
472400 473174
545126 549407
606317 606567
617503 617951
636645 636945
640410 640932
650677 650915
660400 660543
731954 732103
799400 800100
833826 835962
880312 880502
940011 940119
1077714 1077880
1127158 1128238
1134568 1135709
1203737 1204035
1206830 1207084
1233313 1234722
1244972 1245228
1333853 1334158
1404092 1404161
1420768 1422041
1489535 1492938
1531004 1531099
1617305 1617530
1647874 1649406
1695239 1700964
1702007 1704698
1732331 1742092
1749460 1752124
1756380 1760168
1800805 1801920
1805947 1808539
1898865 1899028
1930344 1930566
2094371 2101464
2102281 2104596
2105490 2117417
2127840 2129223
2157961 2158075
2176437 2176541
2343012 2345599
2353426 2353601
2404669 2404857
2440807 2441048
2517543 2517999
2518216 2518581
2518699 2519414
2519768 2519906
2520054 2520703
2522227 2522402
2523698 2531407
2531977 2532822
2549283 2558086
2571386 2574935
2575594 2585484
2642986 2643379
2654636 2679939
2700991 2707355
2784629 2785888
2812555 2812930
2843116 2843182
2843374 2843539
2843944 2844050
2844307 2844375
2844448 2844554
2845072 2845161
2847660 2848039
2874239 2874315
2874915 2874985
2875283 2875357
2875584 2875666
2876891 2876998
2896420 2896972
3033411 3037330
3053481 3053894
3068708 3069026
3069111 3069278
3069448 3069525
3069942 3070101
3070611 3070825
3080485 3080695
3104398 3104722
3108879 3109750
3169542 3171866
3202500 3203060
3268791 3273118
3274132 3275215
3313845 3321317
3344656 3345474
3398746 3399163
3427992 3428386
3443676 3443863
3580177 3583115
3592104 3592754
3613360 3616404
3622907 3623003
3652263 3652357
3652546 3652718
3688261 3690584
3691540 3692134
3748485 3748642
3748846 3748901
3749017 3749069
3749296 3749391
3749963 3750065
3750163 3750274
3750393 3750508
3750839 3750930
3751193 3751253
3752306 3752395
3753262 3753325
3755516 3755639
3756542 3756768
3756903 3756970
3757051 3757119
3757377 3757541
3757809 3757902
3758893 3758981
3759087 3759188
3759299 3759508
3760011 3760079
3761840 3762223
3783366 3783641
3831187 3831319
3831420 3831500
3835873 3836069
3848414 3848825
3855289 3860550
3861139 3862667
3881921 3883051
3883887 3886225
3890635 3893289
3925424 3925489
3937460 3937679
3941436 3941780
3948026 3948231
3953122 3953352
3964475 3964638
3977173 3977545
3978348 3980896
3982102 3982698
3984833 4018390
4018691 4019706
4019854 4020670
4021187 4023736
4025187 4025815
4025947 4026768
4026960 4028054
4028559 4028656
4032452 4032541
4033410 4034579
4035312 4045042
4046391 4047227
4048155 4048518
4048717 4050029
4050674 4051325
4051410 4051543
4052098 4052573
4052855 4053648
4054109 4054598
4055555 4058181
4058974 4059527
4059698 4060100
4060218 4060476
4060826 4061741
4061832 4067528
4068403 4069896
4070205 4070962
4072134 4072271
4072582 4073428
4073509 4074754
4074923 4075042
4075206 4075811
4075962 4076614
4077170 4077253
4077733 4077883
4078280 4078601
4079674 4079933
4080057 4080390
4080889 4081415
4082641 4082835
4083362 4083413
4083612 4086626
4086942 4088834
4089126 4089363
4090181 4090762
4090852 4091203
4092483 4093096
4093175 4093341
4095289 4095435
4095529 4095768
4098135 4098211
4099171 4099223
4099544 4101424
4101958 4102014
4102485 4102601
4102759 4103208
4105896 4106147
4106430 4110014
4110119 4110238
4113554 4113918
4114607 4119211
4120033 4121990
4122639 4122762
4122902 4123882
4124074 4124741
4124835 4127618
4127706 4138783
4138865 4139097
4139175 4139266
4139388 4139553
4139659 4139769
4139837 4139914
4140154 4140609
4140765 4140904
4141055 4144181
4144324 4144375
Tb927_11_v5.1
1 381
495 1029
1145 1850
1968 2020
2285 3055
3540 4929
4996 5704
6316 6580
6933 6993
8299 10010
10098 24206
24755 25041
26080 28202
28814 31265
31677 31750
31847 32723
34006 34208
170943 173846
177745 180986
181584 182497
185151 185436
250482 251296
279319 282104
284365 296579
296680 311989
313153 314017
318848 319057
321616 322001
326006 329141
332510 332771
444691 445082
446887 447807
447909 449572
451874 452763
453379 455053
455686 456320
456422 456474
458546 461456
462337 464718
466079 466941
467043 467313
467989 468714
476133 477435
477878 481887
537370 538191
552817 553925
633952 634230
652790 655028
692825 697463
697573 697648
697794 699738
701886 702507
807749 808063
837619 837673
864362 864585
962494 962671
965438 965635
966354 966585
967329 967426
969156 969712
1050873 1051304
1052661 1052781
1052934 1053081
1064357 1065723
1066298 1067248
1068169 1072201
1119115 1119310
1122682 1122921
1196469 1200591
1202983 1203178
1254015 1254256
1314378 1314576
1331556 1331791
1364974 1366189
1367770 1367951
1368848 1368984
1369551 1370995
1372245 1377235
1396838 1396998
1425092 1425281
1682273 1682419
1745330 1745398
1900550 1901165
1985434 1985831
1988472 1989733
2110588 2111847
2117851 2120059
2154674 2156266
2156383 2164125
2164273 2172343
2186686 2190626
2191676 2199556
2211700 2211931
2212542 2212625
2246600 2247894
2377124 2379605
2380121 2381636
2382166 2385085
2386716 2388306
2389044 2397075
2427607 2434448
2470095 2470623
2471183 2472170
2472708 2478744
2542217 2542522
2570661 2570844
2633068 2633555
2634859 2635069
2675278 2677153
2756322 2756884
2843462 2849431
2927724 2929571
2956395 2957831
2967652 2970492
2970608 2970787
2972018 2972197
2972444 2975181
3020954 3021400
3028747 3029193
3037282 3038363
3076007 3076758
3076844 3076964
3091182 3091487
3093297 3094701
3097748 3099745
3112228 3116317
3145298 3145501
3214584 3217842
3369124 3369392
3422135 3422249
3423608 3431257
3472860 3473229
3485530 3488375
3497067 3498354
3514629 3514828
3516110 3516202
3520356 3521482
3531031 3533395
3561183 3561368
3689607 3689865
3709574 3710317
3776905 3777052
3777436 3777488
3777612 3777781
3777888 3777947
3778770 3778949
3779223 3779297
3779512 3779721
3780416 3780574
3781679 3781739
3782896 3783001
3783179 3783272
3783450 3783509
3783853 3783906
3784039 3784121
3784189 3784264
3784532 3784616
3785678 3785846
3786137 3786206
3789194 3789360
3883574 3884796
3921707 3922015
3992166 3992424
4013422 4015308
4029844 4029986
4030352 4030461
4063435 4063618
4083674 4084310
4102971 4107455
4115950 4116519
4127194 4127373
4194503 4196816
4199997 4201354
4206014 4206452
4221990 4222431
4223432 4225018
4271594 4271804
4285984 4287770
4380967 4381081
4382693 4382923
4382994 4383065
4383187 4383265
4383393 4383487
4384004 4384119
4385099 4385165
4385264 4385324
4385445 4385524
4387306 4387552
4387760 4387963
4482062 4482191
4498226 4498324
4549729 4549921
4551023 4551629
4552848 4557318
4557954 4558237
4559196 4561150
4561272 4565036
4566401 4567115
4567328 4567704
4568191 4568335
4571833 4585845
4586270 4590085
4591587 4592350
4593199 4596864
4597718 4599062
4599744 4609009
4609291 4609712
4614915 4615199
4616877 4617364
4619128 4620661
4620790 4620967
4621699 4622231
4624157 4624643
4624726 4625046
4627151 4627480
4628233 4628572
4628863 4630399
4631192 4632464
4634070 4640485
4646081 4646150
4647163 4674367
4674461 4674804
4674906 4675578
4676265 4676422
4676500 4677640
4677762 4678099
4678263 4679452
4679699 4680887
4682322 4683373
4683476 4690088
4690357 4696992
4697209 4697303
4697592 4697659
4698313 4699386
4699966 4700451
4701556 4702836
4703065 4703165
4703250 4705183
4705396 4705496
4708080 4714838
4715586 4715841
4717451 4721085
4728925 4733869
4734491 4734665
4736191 4736291
4737168 4742665
4742744 4743050
4743263 4745676
4745901 4748083
4748448 4749026
4749116 4751200
4752369 4752634
4752957 4753531
4754240 4755013
4755550 4756787
4758621 4759843
4760506 4760562
4760642 4760865
4761179 4761315
4762522 4764187
4764969 4765025
4765128 4766208
4766302 4766473
4767084 4767169
4767242 4767812
4768025 4772086
4772384 4778608
4779100 4779625
4780060 4780310
4780619 4780892
4780975 4781281
4781406 4782370
4785215 4786822
4787013 4788021
4788703 4789143
4791272 4791585
4792561 4792838
4793046 4794759
4794938 4795354
4796400 4796616
4796922 4797175
4797447 4798135
4801801 4801947
4802121 4802655
4802805 4804115
4804354 4804682
4805787 4807043
4807598 4807772
4810725 4811625
4812440 4812520
4812759 4813663
4814297 4815747
4816640 4816801
4817039 4818893
4819059 4819276
4819608 4820168
4821435 4821647
4822268 4822572
4825073 4826194
4826509 4827477
4828376 4831905
4834243 4834686
4836881 4837660
4838054 4838172
4838318 4838512
4839114 4839181
4840509 4840728
4841417 4841645
4841904 4842540
4842611 4843023
4843610 4843843
4844638 4844921
4845456 4845859
4849140 4849838
4850061 4850466
4851656 4851797
4854530 4854627
4855211 4855511
4858647 4858969
4865886 4865983
4866169 4866309
4866431 4866511
4866800 4867874
4870845 4871171
4874281 4874396
4875455 4875730
4876471 4886132
4890308 4890434
4891883 4892061
4892556 4892626
4899737 4899800
4900367 4902825
4903006 4904535
4906168 4907464
4908249 4908333
4908598 4908740
4912205 4912366
4913143 4913836
4931149 4933576
4934383 4934589
4935722 4936717
4938772 4940103
4940210 4940299
4942461 4942827
4942915 4943324
4943796 4944789
4944911 4950750
4950853 4959137
4959357 4960348
4960435 4961019
4961151 4967637
4968326 4969079
4969262 4971533
4972318 4972563
4973907 4973959
4974516 4974854
4974938 4975018
4975750 4976130
4976607 4977550
4978644 4980212
4980414 4981738
4981816 4987470
4987582 4987981
4988161 4988243
4988330 4988515
4994047 4994318
4994944 4996205
4996846 5000676
5003297 5004719
5004925 5005545
5005839 5006132
5008536 5009900
5010647 5017041
5017322 5017792
5017945 5019683
5021993 5025609
5025830 5030611
5030689 5031600
5032096 5032870
5033977 5034217
5034341 5035101
5035366 5036199
5036362 5037290
5038016 5038069
5039588 5039719
5040598 5042032
5042110 5042326
5043415 5043751
5044084 5062618
5062747 5062853
5064597 5065107
5066054 5069094
5071098 5071662
5075359 5076269
5076410 5076721
5076985 5077226
5077563 5079294
5079414 5079511
5079600 5093438
5099393 5099447
5099552 5102840
5108836 5108895
5109420 5109512
5109933 5110311
5111959 5112426
5113551 5118179
5118271 5130094
5130354 5139865
5139977 5140671
5141174 5188793
5189305 5190846
5191396 5193071
5193455 5194013
5194313 5194583
5194661 5197710
5197789 5198024
5198107 5198175
5198272 5198359
5198446 5199083
5199156 5199467
5199469 5199718
5199800 5199902
5200138 5200239
5200768 5200951
5201030 5201101
5201214 5201371
5201437 5201522
5201599 5201674
5201779 5201943
5202061 5202546
5202619 5203050
5204713 5204791
5205665 5223313
Tb927_11_LH_fork_v5.1
1 14430
Tb927_11_RH_fork_v5.1
1 98
1926 2472
3263 3813
5120 12317
12657 13030
13391 16199
19262 19377
19525 21712
21794 34350
34672 37059
37300 48610
48856 49148
49291 51541
51619 60954
62573 63918
64187 68068
68554 71481
71593 71695
72412 72925
73196 73351
73750 76647
76816 81110
81464 106737
106824 106971
108676 113819
113927 114981
115064 116160
116274 116710
116860 118054
118196 118417
118709 119737
119948 120824
121879 122163
122256 122461
123019 124485
127833 128331
128426 128690
133207 135876
136705 138028
139855 145039
145114 145266
149165 151190
151345 158792
158910 163311
163647 171300
171826 173191
173275 175410
175703 190097
190171 191610
191683 194273
194733 206897
207324 215304
215740 217086
217559 217797
217958 218476
218907 220543
221238 221809
222343 226013
226577 226689
227928 228820
228980 235164
235283 237682
237805 246348
247133 247958
248104 249035
250364 250465
250808 267214
267588 271572
271762 271885
272194 277042
277404 277702
277768 278250
278485 278781
279106 279707
279912 280101
282515 286024
286390 287283
287782 289518
289655 290215
290464 300353
300705 301658
302248 302404
303115 303269
304923 306007
306330 306635
309022 309886
310030 310423
310580 317893
318300 318352
318487 318864
319123 319564
319822 320227
320521 320631
321572 321833
324257 324595
325512 327765
327910 328245
328323 329912
332656 332840
333324 333635
335474 336728
337963 338320
338988 339720
341501 342129
342518 344160
344316 344503
344571 344734
344814 346963
347116 352559
352906 353283
353589 354570
355049 356425
358193 358882
361418 361780
363685 363901
366974 367747
367862 368120
370329 371479
371625 372025
372915 373779
374431 374748
379373 379654
379867 380244
382067 383988
384787 384932
387609 388491
389119 389992
390134 392124
392475 393049
393152 393436
395379 395439
395786 397604
397867 411046
411477 415113
415253 415504
415616 426548
426888 429354
429451 430158
430299 430503
430572 430750
430831 431259
431436 431490
431591 434507
435179 437565
437828 439616
439786 440061
440144 442081
442407 442483
442606 443769
444965 447293
448292 450098
452172 452300
455320 455393
455988 456727
457522 458070
459040 460978
461091 466461
467151 468002
469991 470166
471359 471509
471919 472036
472133 472276
472347 474448
474522 474710
475413 476014
476846 477310
478492 479574
482038 482139
482559 482875
485127 485329
485703 485813
485966 486040
486958 487354
487495 487556
489465 489595
490382 492000
493974 495612
496355 497418
499138 499324
500594 504195
504438 504808
506565 506710
506858 506963
507035 508171
508585 509791
509967 510642
511565 511732
511834 512858
513200 516913
520001 523341
524401 524734
524858 525826
526538 526610
528095 528189
536533 536600
536702 537119
540348 540413
542356 542528
547467 548520
554442 554782
555649 556003
556364 556448
556867 557252
561771 562987
563139 580592
580738 588865
588975 589095
589234 591038
591232 591485
591601 601814
601916 605787
606090 610667
610921 614639
614793 615081
615157 615418
615492 617259
617373 619120
619550 619688
620210 625185
625337 625884
628332 631406
631723 631933
632296 635972
636103 636814
637892 644455
644530 648209
648284 654494
655843 666468
666557 667718
667842 668931
669609 669845
670744 670951
671525 673661
675479 675664
676090 678667
679932 680065
680227 680335
680983 681095
681199 682613
682783 684073
684209 685097
685597 685774
686705 686888
687264 687466
687939 687992
688837 688994
690001 704210
Tb927_11_Homologues_1_v5.1
1 687
890 1952
Tb927_11_Homologues_2_v5.1
1 1546
Tb927_11_Homologues_3_v5.1
1 1929
3201 3536
4502 12880
18022 18105
18363 20408
11L3_v3
1 26464
53711 63482
5K5_v5.1
1 48947
58327 74533
74857 75323
75564 76182
76292 76548
77084 77243
78880 84194
84994 90198
90381 95323
95384 95537
101532 102372
102441 103188
104009 104660
113214 116418
119815 120090
120817 120986
122021 122936
123022 123181
125800 132934
133072 137863
138261 138327
147209 147271
148402 148519
148631 148701
149137 149925
150447 150742
GTRYP_4071_4094_1a01.w2k4071
1 6116
6458 7081
7300 8761
8854 11443
11545 18466
TP26M21_2a10.p1k
1 306
12964 14933
15092 15234
15317 15850
16055 28717
29029 31472
31863 31914
32220 39798
TP26P4_1a02.q1ka
1 1074
2100 4508
5165 7326
7836 16439
TP26P4_3b07.q1k
1 676
1345 4971
5317 7803
8099 9542
9979 10701
10768 10927
11023 12449
13544 14681
15915 22098
22723 22891
24063 24242
25248 25437
25631 26105
26180 26360
26526 26719
26801 27038
27460 27619
28887 29001
30515 30621
32279 32473
36273 36436
38615 38779
39191 40035
41765 42200
42389 42477
43989 44770
44976 45029
45196 45261
45882 46033
47729 48224
48330 48522
48637 48793
53183 56260
TP26P4_5g04.p1k
1 7984
8077 9475
9745 11880
12134 13037
TP26P4_6c09.p1k
1 4221
4820 4958
5668 7419
8031 9455
10236 11799
12214 13642
13999 14335
14857 15443
16041 16240
16848 17150
17572 19078
19170 20979
21890 24078
24674 25080
TP29O12a_1b01.p1k
1 215
344 8567
9091 10520
10715 14707
14839 15258
15500 16343
16861 19069
19146 19781
20576 23208
24208 29117
TP3F6_6f06.p1k
1 26266
TP3F6_6h01.p1k
7 4404
4625 13990
TPB1C9_1a08.q1k
1 357
3393 4651
5727 10048
10122 11334
Tb927_11_bin_v5.1
1 7532
7785 7840
8076 16394
17184 17500
17572 17980
18758 19044
19333 20068
20159 21428
21524 21665
21782 23304
23858 24564
24942 26249
27847 33599
34593 35961
37451 40559
40887 45905
46102 50320
52017 52271
52356 53377
54130 54892
55189 55936
56007 56746
56981 57067
57406 58104
58216 58521
59170 59298
59397 59611
60840 60953
61083 66707
66837 69841
69934 70185
70303 71595
71697 73749
74095 77811
77897 80871
80968 83730
84913 89289
89530 92458
92877 93016
93302 93575
94018 94583
94802 95160
96913 97717
98606 98913
99359 100839
101131 102114
102237 102623
103148 105066
105315 106311
106480 107567
108336 108610
110121 110294
110822 112707
112858 113122
113292 114816
115001 117606
117868 119077
119550 120938
121007 121415
122543 123528
124427 124480
125845 126059
126132 128955
129123 129214
129346 129472
129573 130626
197754 222796
224412 226464
228233 236498
237567 258201
258302 258839
259595 325825
325926 342397
356152 362880
363471 366686
367281 367498
368921 370504
370897 371898
372044 373844
375041 376809
379843 387369
388085 388470
388571 419371
422516 429593
437889 442454
443314 445852
445953 446749
446751 511440
511541 538024
538026 540729
540830 569601
569702 596376
596477 597267
600709 601341
602205 605558
617321 621022
621123 645882
645983 669405
669506 692921
693022 698031
699400 699822
701200 702088
702812 707388
707490 710167
710239 710312
710452 711392
713252 714842
714908 714975
715076 725495
725639 732632
732719 732913
733014 739277
740812 742721
742850 747897
747988 763041
763142 770614
770616 780429
780720 780841
780960 781142
781243 782260
782469 786963
787400 788702
789263 793478
793579 796057
796443 798900
798979 799440
800205 800459
801001 801360
801523 802155
802477 802681
802794 806249
806251 809720
809875 810150
817475 819046
819147 831451
831453 831673
831879 844396
844497 845072
845165 846699
846793 848432
848509 848709
848918 849020
849864 851329
853321 853937
855284 855640
855842 856133
856234 857848
857917 857974
858148 858343
858581 871208
871454 875146
875274 877128
877229 878840
878928 886896
886996 898987
899088 909185
909286 911459
911494 913100
915164 915349
915591 916103
917335 917868
917941 919515
919616 923122
924398 926201
926302 927859
927958 928403
928551 929761
929862 937649
938488 939372
939473 941959
941961 949216
949317 956784
956786 958688
958789 961360
961385 962601
962603 968285
968386 973867
973869 976351
976396 977622
977723 987006
987107 996467
996644 996942
997053 997385
997668 1005484
1005585 1014424
1014525 1023667
1023768 1032684
1032785 1036515
1036536 1039563
1039565 1041600
1041701 1044068
1044070 1044365
1044372 1050392
1050493 1063564
1063566 1065808
1065929 1067790
1067891 1071698
1071769 1074941
1075090 1076526
1076627 1076833
1076835 1085008
1085109 1091639
1091740 1091913
1094155 1100103
1100204 1108393
1108494 1116547
1116648 1120969
1121145 1124725
1124826 1132949
1133050 1141100
1141201 1143462
1143472 1148889
1148990 1153894
1153908 1156507
1156608 1160009
1160163 1164159
1164260 1171899
1172000 1179533
1179535 1184860
1184901 1187006
1187107 1187856
1187858 1189272
1190444 1190575
1190653 1190984
1191173 1194494
1194595 1202028
1202129 1209394
1209495 1215922
1215924 1216105
1216134 1216886
1216987 1217339
1217360 1218145
1218287 1218479
1218687 1220062
1220301 1224614
1225356 1230890
1231158 1258572
1258838 1258901
1258903 1266938
1267533 1267828
1270084 1274400
1274402 1290861
1290863 1293380
1293382 1307238
1307240 1320870
1320964 1321089
1321164 1321352
1321536 1334800
1335386 1339361
1339363 1359111
1359435 1384769
1385928 1387621
1389373 1391659
1391661 1402126
1402128 1404825
1404893 1405568
1405570 1406377
1406462 1417191
1417193 1425646
1426258 1448018
1450347 1450602
1451737 1471887
1471889 1473245
1473349 1476393
1476396 1476486
1476519 1484587
1484589 1485581
1485583 1488866
1488868 1490215
1490624 1519347
1519769 1529396
1530297 1537632
1537825 1544981
1545082 1550567
1550678 1569994
1570312 1570616
1571039 1571915
1571920 1573464
1573466 1582796
1582798 1583499
1583999 1584085
1584458 1584515
1584656 1586390
1587099 1587515
1587729 1587839
1587842 1608779
1608794 1608911
1610762 1612837
1612839 1614074
1614076 1627843
1627845 1639526
1639528 1642441
1643470 1644175
1644177 1650151
1650163 1672240
1672318 1675029
1675107 1683730
1683748 1693092
1693094 1696384
1696386 1700892
1700894 1712439
1712441 1713688
1714726 1722027
1722029 1732211
1732213 1742745
1743461 1756207
1756228 1764437
1764451 1778324
1778326 1778391
1778393 1787650
1788297 1795528
1795537 1796794
1796796 1803386
1804084 1811390
1811392 1823674
1823676 1842263
1842351 1842504
1843551 1845182
1845296 1852597
1852599 1852948
1852950 1858601
1858632 1858875
1861726 1861816
1862730 1864238
1865015 1871954
1871982 1876997
1877755 1892945
1892948 1893004
1893006 1903851
1903929 1904593
1905236 1918671
1919462 1924514
1924516 1924600
1924602 1935351
1935450 1935642
1936186 1949390
1949392 1984634
1985247 1986729
1986908 1988223
1988225 1991067
1991070 1997858
1997860 2008469
2010141 2010197
2010420 2011654
2011656 2012392
2012585 2020532
2021670 2052192
2052225 2052494
2052496 2053434
2054853 2054927
2055590 2055733
2055851 2056285
2057024 2057383
2057488 2060210
2060220 2060951
2060962 2100156
2100880 2103935
2103943 2108156
2108835 2110170
2110377 2117411
2117743 2117885
2118032 2118883
2119046 2123015
2123044 2123636
2123638 2137716
2138743 2138983
2138985 2139180
2140342 2141674
2141790 2157235
2157237 2158691
2159234 2169951
2169953 2170099
2170101 2171150
2171864 2172597
2172887 2174663
2174665 2175557
2175559 2184368
2185250 2188092
2188277 2189551
2189553 2194553
2194555 2212365
2212742 2217236
2218472 2231033
2231035 2237474
2237553 2241437
2241993 2247156
2247159 2258359
2258379 2264753
2264755 2269629
2269631 2278208
2278428 2278524
2278908 2280034
2280112 2281706
2282013 2282725
2282727 2291913
2291915 2291970
2291972 2301591
2301593 2306917
2306921 2332530
2332532 2344856
2344859 2354678
2355455 2355720
2356809 2362205
2362208 2363047
2363049 2375563
2375752 2381817
2381925 2382266
2382349 2382838
2382840 2384572
2385878 2396931
2396933 2397020
2397022 2405004
2405006 2423469
2423657 2424033
2424574 2428835
2428837 2434599
2434725 2434798
2435322 2435622
2435730 2435810
2435971 2439278
2439280 2439368
2439370 2450033
2450035 2454188
2454325 2455384
2455939 2457045
2457047 2457796
2457897 2459202
2460391 2468731
2468844 2469102
2469178 2470209
2470312 2488469
2488502 2495006
2495016 2502239
2502241 2502297
2502337 2502501
2502548 2510730
2510732 2519531
2519617 2519681
2519683 2523692
2523694 2524644
2524739 2524966
2525152 2525206
2526494 2532192
2533106 2533538
2533540 2539553
2539555 2539757
2539759 2540499
2540620 2540675
2541221 2550783
2550785 2569423
2569425 2576169
2576171 2582636
2582638 2587841
2588761 2597750
2597819 2597965
2598131 2612646
2612661 2612711
2612725 2642770
2643561 2650844
2650846 2661670
2661718 2663026
2663028 2663079
2663081 2668063
2668252 2672296
2672298 2684190
2684192 2686593
2686595 2699600
2699602 2706973
2706975 2707340
2707815 2712268
2712276 2712344
2712409 2722593
2723040 2723163
2723306 2734714
2735866 2747260
2747262 2747398
2747435 2750584
2750762 2751727
2753746 2755466
2755468 2755521
2755523 2780549
2780624 2780723
2781311 2789224
2790201 2799796
2799827 2801019
2802899 2802961
2803044 2803153
2803501 2806929
2806931 2836951
2836981 2845677
2846609 2851271
2851779 2859329
2859331 2863981
2863983 2869751
2870537 2870658
2870821 2873378
2874117 2875962
2876008 2881359
2881701 2883349
2883633 2888234
2888944 2896466
2896468 2909758
2909836 2913565
2913578 2922453
2922455 2923057
2923081 2941957
2941959 2947039
2947041 2947891
2947893 2948970
2949431 2949887
2949980 2950049
2951177 2951523
2951880 2952240
2952242 2961348
2961421 2963501
2963642 2966174
2966470 2966729
2967809 2968951
2968953 2969050
2969052 2969122
2969155 2978762
2978765 2978945
2978947 2982361
2982503 2987013
2987221 2988010
2989442 2989666
2989790 2990164
2990166 2990235
2990237 2998999
2999083 3002330
3002580 3002790
3003412 3007208
3007210 3008167
3008169 3008881
3009994 3012274
3012455 3015898
3015962 3024477
3024513 3031672
3032294 3041189
3041191 3042588
3042590 3042718
3042720 3044654
3044656 3066384
3066866 3070793
3070795 3071705
3071784 3073246
3073272 3077627
3078131 3090301
3090659 3090769
3093138 3098272
3098274 3115624
3115705 3115937
3117164 3118241
3118243 3125177
3125249 3133300
3133534 3133673
3133951 3142355
3142357 3148103
3148135 3152280
3154470 3154866
3157897 3168843
3168845 3169028
3169037 3194809
3195362 3195908
3196565 3213582
3213586 3225698
3225716 3225834
3226397 3233423
3233425 3233654
3235155 3236836
3237040 3237092
3237121 3237184
3237280 3241129
3241131 3252046
3252048 3257300
3257520 3257592
3257610 3268514
3268516 3284803
3284805 3284990
3284992 3285099
3285101 3290946
3290948 3291581
3292416 3295620
3295656 3298404
3298406 3298803
3298889 3317103
3317105 3318266
3318441 3322358
3322360 3322409
3322411 3322461
3322463 3322523
3322537 3325128
3325149 3333184
3333186 3335826
3335828 3338037
3338295 3345539
3345541 3354182
3355841 3356094
3356850 3358180
3358182 3363322
3363507 3363789
3364404 3378073
3378077 3383829
3383831 3393825
3393828 3395462
3395464 3396394
3396457 3410992
3411033 3411162
3411164 3411308
3411349 3414901
3414903 3416678
3416680 3425306
3425309 3427532
3427534 3429104
3429106 3429170
3429172 3438408
3438498 3438614
3438961 3439769
3440869 3442556
3442558 3463075
3463718 3468325
3468327 3468385
3468422 3469230
3469257 3469365
3469367 3470427
3470429 3472475
3472605 3474851
3475471 3476908
3476978 3482212
3482214 3484898
3485289 3486662
3486903 3490031
3490109 3491454
3492491 3495797
3495799 3500051
3500053 3501476
3501478 3503784
3504019 3505046
3505142 3515170
3515172 3517050
3517052 3520403
3520405 3525499
3525536 3525662
3525681 3525732
3525744 3530821
3530849 3531619
3531621 3539370
3540346 3553748
3553822 3556278
3556282 3556349
3556373 3558899
3560061 3560297
3561158 3561385
3561387 3564548
3564550 3567290
3567427 3567507
3567637 3569353
3569355 3569441
3569464 3571556
3571558 3574888
3575331 3576087
3576504 3577300
3577908 3582420
3582422 3591584
3591621 3591680
3591781 3592115
3592226 3601963
3602026 3605067
3605069 3606865
3606867 3606920
3607019 3608290
3608402 3627143
3627671 3628962
3629091 3641752
3641760 3654164
3654166 3655043
3655045 3674025
3674027 3674096
3674098 3678163
3678165 3678317
3678869 3683830
3684051 3684375
3684908 3685151
3686245 3691221
3691223 3698954
3698956 3699399
3699401 3700917
3700997 3701066
3701068 3703589
3705910 3706391
3706462 3708054
3708125 3712504
3713033 3715551
3715553 3716218
3716277 3718564
3718566 3720568
3720570 3734337
3734339 3735180
3735252 3742990
3742992 3745601
3745603 3747408
3749497 3749804
3749806 3753751
3753753 3756194
3756197 3759247
3759292 3760594
3761265 3764094
3764097 3764148
3764150 3767301
3767303 3770046
3770656 3770799
3771343 3776173
3778574 3780720
3780722 3780777
3780779 3787803
3787805 3787874
3787876 3788088
3788195 3790772
3790774 3794808
3794885 3794938
3794940 3797769
3797799 3804855
3804857 3841906
3842775 3859028
3859041 3859093
3859127 3859262
3859264 3865631
3865633 3867312
3867314 3873429
3873439 3876588
3876590 3879369
3879371 3880906
3881351 3893718
3893720 3894400
3894402 3898201
3898499 3906979
3906981 3908431
3908434 3908575
3908676 3908838
3909011 3909078
3909519 3909753
3909996 3910052
3910296 3929218
3929220 3933898
3934429 3934580
3934582 3936570
3936696 3943049
3943051 3947036
3947038 3948665
3948713 3948806
3948816 3950826
3950925 3959354
3959398 3963281
3963429 3965372
3965374 3966896
3968511 3970917
3970923 3978025
3978065 3980129
3980131 3996237
3996239 4015220
4015262 4030176
4030202 4030849
4031382 4033714
4034328 4035122
4035164 4035964
4035966 4036204
4036206 4036304
4036306 4038753
4038942 4039157
4039310 4048536
4048538 4052216
4052372 4055887
4055889 4071432
4071437 4082665
4082667 4093240
4093242 4093291
4093996 4094607
4096231 4097822
4098136 4102304
4102306 4103895
4103897 4104046
4104048 4106213
4106335 4109372
4109374 4110536
4110552 4111886
4111888 4116501
4116503 4122371
4122373 4123125
4123129 4126176
4126178 4127580
4127582 4130528
4130611 4131621
4131623 4131673
4131693 4135004
4135006 4135232
4135234 4139078
4139080 4139908
4139910 4146453
4146696 4148363
4148365 4150265
4151546 4161073
4161480 4161904
4162038 4162602
4162604 4165464
4165466 4170096
4170374 4170524
4170526 4171539
4171766 4171827
4171894 4177739
4177837 4179703
4179737 4202423
4202425 4203506
4203508 4214981
4215571 4219998
4220000 4220203
4220205 4224531
4224555 4226913
4226921 4228937
4228941 4243569
4243692 4245869
4245935 4247520
4247671 4254146
4254148 4256326
4256562 4261212
4261214 4261325
4261327 4263575
4263577 4273367
4273369 4285129
4287286 4288923
4288925 4289427
4289429 4292869
4293727 4303123
4303696 4305250
4305252 4305477
4305479 4305616
4305618 4315144
4315758 4327873
4327875 4328934
4329032 4329081
4329159 4329469
4329975 4333990
4333992 4349160
4349162 4354132
4354134 4354259
4354261 4354636
4355223 4357770
4357772 4360849
4360851 4365512
4365514 4366203
4366205 4367755
4367757 4373308
4373310 4382835
4383232 4385183
4385198 4391651
4391653 4394122
4394124 4412538
4412540 4412630
4412748 4414842
4416931 4420993
4420995 4429281
4429526 4437639
4437641 4437712
4437714 4440250
4440712 4462759
4462761 4464075
4464280 4464654
4464869 4466351
4466443 4473511
4474294 4478312
4478316 4479296
4479299 4486058
4486060 4486462
4486464 4501601
4501603 4502477
4502582 4502995
4503100 4515904
4516454 4524875
4524878 4526796
4526798 4526875
4526877 4537345
4539289 4541317
4541319 4543312
4543314 4544639
4544721 4551516
4551585 4553629
4553657 4555858
4555873 4559117
4559119 4574055
4575807 4590932
4591099 4598337
4598339 4600285
4600287 4605471
4605474 4606394
4606396 4610538
4611565 4611906
4612524 4617647
4617666 4618477
4618489 4620892
4620968 4621838
4621954 4622059
4622309 4622365
4622444 4630923
4630925 4633288
4633387 4635173
4635437 4648805
4650068 4653841
4653843 4666976
4666978 4670753
4670755 4674929
4675319 4675438
4675561 4686797
4687740 4688197
4688766 4692627
4692629 4695343
4695700 4695880
4695999 4696664
4696666 4699586
4699588 4701336
4701338 4701622
4701624 4701788
4701831 4710537
4711227 4712535
4712537 4720249
4720251 4721701
4724126 4727424
4730571 4732176
4732299 4741797
4742018 4742245
4742315 4742481
4742559 4743027
4745739 4756201
4757037 4757957
4758160 4759036
4759452 4760260
4760339 4760583
4771563 4774765
4774909 4775269
4775745 4775985
4776743 4776893
4779706 4781225
4781401 4781920
4783154 4783593
4784113 4784196
4786622 4787658
4789331 4791595
4791771 4792013
4794052 4794354
4795146 4795255
4795348 4795805
4796021 4797601
4797799 4798370
4799326 4799447
4800035 4800213
4803450 4804401
4806676 4807766
4808529 4809467
4809773 4811914
4812097 4812687
4813089 4813570
4813946 4814328
4814789 4818724
4818798 4819063
4819140 4822208
4822299 4825006
4826258 4828462
4828537 4829467
4830265 4832349
4832667 4837997
4838081 4839797
4840475 4842011
4843066 4843132
4843216 4850389
4851291 4853271
4854402 4854749
4855288 4861754
4864289 4865203
4865593 4865873
4866404 4868336
4868450 4868885
4869073 4870512
4870924 4870986
4871064 4875614
4876438 4881534
4881661 4897491
4897568 4899198
4899361 4910304
4911553 4911606
4914130 4915028
4916252 4917055
4917134 4919304
4919448 4966649
4966769 4967089
4968499 4969890
4970830 4971002
4974210 4974747
4975290 4975962
4977856 4978150
4978264 4979530
4989947 4991044
4991352 4993045
4994584 4996396
4997123 4997629
4999296 5000356
5001333 5001666
5001846 5001958
5002376 5005702
5005704 5008339
5008367 5043263
5043529 5044069
5044287 5046273
5046528 5050498
5051172 5051230
5051300 5052415
5052995 5054836
5055697 5063206
5063810 5064241
5064906 5067417
5068563 5123208
5123210 5146450
5147571 5154145
5154298 5154665
5154955 5156194
5156659 5156974
5157052 5157687
5157759 5157914
5158146 5159576
5159883 5164671
5166554 5197071
5197073 5260189
5261218 5261548
5261668 5261961
5262039 5270444
5270446 5272006
5272031 5272087
5272148 5278065
5278286 5278895
5279082 5279320
5279434 5280578
5280606 5282604
5290957 5310535
5311600 5315963
5315965 5326561
5326681 5328109
5329087 5333065
5333194 5335197
5336869 5336929
5337153 5347154
5347502 5348279
5348378 5353252
5353411 5358505
5358507 5358828
5359691 5364396
5364735 5381712
5381904 5382388
5382884 5383266
5384155 5384547
5384549 5389440
5389442 5393508
5394078 5395095
5395220 5401990
5402169 5402268
5402270 5403728
5403905 5404124
5404126 5408722
5408724 5408791
5409551 5409672
5409674 5409875
5409891 5409946
5409949 5411248
5412353 5416223
5416234 5418122
5418442 5429291
5429293 5431041
5431342 5435590
5435619 5435908
5435976 5436404
5436477 5436549
5436653 5436813
5436934 5437124
5437208 5437679
5437760 5437981
5438145 5438212
5438301 5439905
5440173 5457034
5457113 5459343
5459345 5459397
5459399 5471017
5471029 5471310
5471479 5471620
5472415 5474783
5474884 5477381
5477383 5477667
5478269 5485909
5485911 5486006
5486932 5487091
5487245 5487365
5488301 5497121
5497604 5499888
5499890 5511131
5511494 5516346
5516348 5524007
5524009 5524080
5524082 5524210
5524212 5526599
5526601 5526685
5526721 5526912
5526917 5553181
5553426 5554043
5554217 5555293
5555428 5562030
5562630 5575101
5576035 5581516
5581605 5582317
5582319 5582385
5582387 5582790
5582793 5584756
5584758 5585731
5585923 5586390
5586564 5586623
5586940 5587010
5587374 5593286
5593809 5598354
Tbrucei.chr8.100
1 3509
5319 14333
15175 19523
21262 24018
24570 27578
27721 31562
31855 33155
33516 35918
36088 36628
36697 38646
38787 40024
40095 40168
40324 40395
40467 41073
41534 45025
45255 47956
50944 51360
51918 53368
54073 54378
54568 54905
55899 58550
58797 58855
59488 59736
59809 60284
61182 61450
61891 62183
62367 64134
64519 64808
65551 66215
66302 68000
68234 68805
69238 69426
69766 70728
70948 71427
73485 74055
74673 77759
78007 79636
79946 80594
81788 82041
83453 84404
85103 88269
88606 89532
89614 92011
92607 92822
92911 93494
93690 94943
95024 95618
95793 97938
98016 98880
99080 99231
99430 99509
99810 100046
100146 100798
100876 101960
103195 104425
104870 105247
106731 106830
107055 108377
108868 109194
109796 113337
113434 113727
114706 115276
115749 116173
116249 116479
117453 118329
118912 122199
122547 122624
123306 126088
126218 126916
127220 127393
127474 128064
128425 128863
129099 130492
133656 135586
136150 137044
138054 142970
143152 143354
143450 145069
Tp_ends_39g01.p1k
1 14693
Tp_ends_40b06.q1k
2682 2931
5494 12174
12325 14708
tryp_IXa_16h03.q1c
1 11697
tryp_IXb_1c10.p1c
1 205
290 638
706 938
1103 1693
2093 2143
2320 2815
2883 4523
4980 6142
6989 7385
11313 13314
13928 14207
14512 14840
16455 17163
17257 17644
tryp_IXb_217g08.q1c
1 6416
6482 7246
14625 15170
15328 15425
15609 15691
16317 16663
16924 17386
17459 17536
17629 17821
17892 18244
18526 18676
18757 18830
19151 19234
19300 21401
21538 34982
35112 38086
38278 39147
40455 53694
53848 56707
58815 59578
60006 61519
61597 63140
63285 63712
64553 66376
66521 66600
66913 67612
67861 67959
68142 68431
68532 70452
70718 75013
tryp_IXb_218d07.p1c
1 22041
25887 39873
40695 43146
43720 43800
45758 47634
47778 50808
51059 59702
60823 61655
63644 66023
69200 70815
74862 75037
77645 88618
89779 95864
96688 98683
98852 100789
101050 107378
107957 108037
108124 112075
112153 112735
113599 113689
114002 115303
115668 123462
124432 124634
124727 125772
125936 126163
128735 128996
129773 129980
131278 131672
132400 132754
133007 133706
134242 134340
135417 144216
145855 155763
159486 160007
160733 161313
162458 163189
163724 164339
164484 168856
169992 174210
174416 174802
174880 176042
176153 176821
177068 177425
177608 177944
178030 191314
191624 193807
194144 195184
196984 197190
202148 202331
202692 202792
203317 211894
214087 217976
tryp_IXb_247f12.p1c
1 13252
tryp_IXb_277d03.p1c
1 13947
tryp_IXb_314f06.q1c
1 2820
3091 3512
3644 4118
4320 4695
5477 6042
6109 6456
6537 6654
6938 7079
7648 7915
8293 8542
8683 9499
10469 10948
11028 12970
13546 13670
13821 14277
15008 16480
16556 17381
17707 18265
18677 19304
20832 21233
21301 23123
23243 28007
28136 30465
tryp_IXb_43g07.q1c
1 1125
1687 3947
4486 8641
9417 9863
11718 15683
tryp_IXb_68a05.p2k3050
1 16662
17858 34553
34840 35393
35467 40525
40607 43287
43387 43577
44329 44561
45046 45530
46181 46246
46379 57611
57727 59211
59315 59397
60051 60483
60690 61556
61662 62983
63652 64935
65337 65789
66051 67546
67687 69232
tryp_IXb_6d06.q1c
1 883
1793 6947
7806 10228
tryp_IXb_6g03.q1c
1 1983
2319 6992
7365 7885
8940 12929
13049 16598
16703 24753
25657 26972
27041 27494
27688 28938
29029 29252
29668 29839
30329 33112
33178 33378
33648 34193
34729 40856
tryp_IXb_73h01.q1c
1 21800
21972 22135
22574 25690
25796 30770
30850 36098
36674 36763
tryp_IXb_86g11.p1c
1 2174
2283 2431
2903 4470
4581 4661
4742 6328
6702 7406
7549 13019
13181 13239
13569 13783
tryp_IXb_93a04.p1c
1 213
855 918
2410 6788
8113 8902
8975 9255
9377 10049
10242 13605
13692 24248
tryp_IXb_98e04.q1c
1 11041
tryp_X_106b08.p1c
1 12960
tryp_X_149c07.p1c
256 890
9262 10157
tryp_X_149e07.q1c
1 12369
tryp_X_155h05.q1c
1 7681
7814 7931
8647 9636
9743 9811
10148 10267
11182 11597
12082 12214
12558 13024
15092 15477
17163 17329
tryp_X_174f04.q1c
1 7614
7714 22093
22171 22661
tryp_X_179b07.p1c
1 86
88 11246
11574 11903
12013 19430
tryp_X_188b09.p2kB601
1 137
215 521
1698 2361
2573 3394
3396 5046
6382 6432
6536 7178
11155 11413
11488 12044
12856 13228
13306 13885
14139 14220
14558 14627
14711 14873
14949 17617
18092 21794
21876 22265
22382 26029
tryp_X_206a03.p1c
1 111
220 4898
17782 17880
tryp_X_220a01.q1c
1 205
736 7066
7716 7842
9678 14199
14339 15894
16164 17459
17528 25372
25642 30489
tryp_X_232f09.q1c
1 394
989 1048
1208 1605
1733 3249
3900 4417
4616 7971
8774 9053
9183 9744
11515 12467
tryp_X_254c10.q1c
1 1976
2065 7337
7643 7740
7978 13950
14339 15095
15799 16836
17292 23021
24095 26532
28089 29628
29784 30338
30651 32679
32778 33202
33336 34441
34562 37806
38402 38802
39661 43683
43813 43876
44146 44489
45059 45471
45965 46057
46389 46639
47443 47629
48531 48967
49852 50059
51252 52438
52518 52755
53052 53288
55579 55800
55880 56093
56629 56687
57076 57273
58950 59248
59534 59716
60147 61172
tryp_X_264e11.p1c
1 11160
tryp_X_275g09.p1c
1 10245
tryp_X_276b11.q1c
840 1551
2401 2454
5872 6142
6860 7131
7611 7803
8309 8595
8983 9258
10291 13751
14582 15207
15704 16729
16801 17243
17862 18260
19384 20099
26917 27851
28881 29908
30111 30439
30643 31122
tryp_X_284f09.p1c
1 4691
4820 8086
8188 42529
tryp_X_302f11.q1ca
1 27720
28122 28312
29253 29381
33150 34721
35162 35325
35403 35753
39421 39937
40381 40564
42378 42544
43752 44230
44366 44671
45222 45571
48945 49303
51083 51863
54120 54286
54505 55247
55325 55772
56429 56679
57129 57565
57650 57740
57854 58113
59066 59397
59472 59611
59711 59823
59970 60277
60903 62050
63222 63370
64670 64779
tryp_X_313e04.q2kB520
15 1596
1780 4294
4515 5138
5235 6405
6550 6796
6953 7640
7882 9669
9768 14113
14115 14801
14892 16884
16886 16976
tryp_X_324h11.p1k
1 588
675 823
951 1149
1563 1893
3575 3647
3731 4111
4667 5140
7224 7312
11881 12863
16837 17152
17866 18437
20227 20279
21059 21266
24572 24799
26836 27027
27678 28031
29275 29459
31995 33066
34683 35090
36384 36472
51168 51924
52964 53261
55046 55229
59276 59587
60878 61048
62019 62276
66209 67363
67871 68032
68164 69173
69708 70228
74526 74576
78991 79251
83245 83325
86531 86683
86784 86855
88078 88329
89173 89621
tryp_X_333c11.p1c
1 668
670 32628
tryp_X_36a02.p1c
1 164
1148 2373
2583 5234
5320 5555
6164 6513
6696 8816
9287 9499
9698 10338
10474 11782
11997 12882
12970 15758
tryp_X_423d07.p2kB114
1 516
640 940
1027 2037
2275 2628
2838 2906
4355 4681
4961 5062
5170 5302
5774 5918
7426 16506
tryp_X_432f03.p2kB42
1 15352
tryp_X_448g06.q1c
1 663
665 2632
2634 3638
3718 3833
3940 4252
4254 4598
4690 5817
5819 10337
17463 17595
17822 17981
18165 19536
21737 21838
24686 27284
27331 28045
28084 32184
32287 32604
32778 32964
33042 33816
33959 34543
34681 36632
36802 40226
40379 42931
43008 43750
44288 46568
tryp_X_46d09.q1c
1 3123
4247 5433
5765 6253
6552 6616
6894 7680
7871 8470
12113 12753
13000 14877
tryp_X_48f04.q1c
1 3214
3283 3368
3442 3687
4282 4549
4664 5149
5865 5951
6131 6589
6771 7377
7532 7780
7869 9102
10152 10551
10697 11014
11132 12252
tryp_X_50f09.p2kB193
1 872
954 1289
2393 13414
13611 13889
14311 15431
15639 20605
20713 23679
23785 29433
29776 33761
tryp_X_54d09.q1c
1 2625
2702 15178
tryp_X_68d04.q1c
1 2421
6164 16576
tryp_X_76f06.p1c
1589 2234
2463 2708
5169 5525
5813 6331
8088 8797
8899 9143
9670 10001
19689 19855
23974 24611
33946 38984
43017 44173
44973 49467
tryp_XI_1007b07.p1k
1 10284
tryp_XI_1007c06.p1k
1 11628
tryp_XI_1011b06.p1k
1 16074
tryp_XI_1026a03.q1k
1 2141
2143 15855
tryp_XI_1032b03.p2k737
1 396
668 3057
3352 3933
4140 9935
10909 10959
11095 12639
13486 17496
17622 17805
18224 19247
19825 20514
21257 24145
24413 27856
29843 30280
30454 30661
tryp_XI_1032h01.q1k
1 15259
16766 17155
18606 18727
18923 32732
33044 37955
38206 40317
tryp_XI_1036e06.p1k
1 19031
20326 24282
25513 35719
tryp_XI_1056c09.q1k
1 20378
tryp_XI_1079d10.p1k
1 2255
2359 3463
3689 6051
6209 9403
9949 11923
11994 12108
tryp_XI_1084b11.p1k
1 413
543 13525
tryp_XI_1094c12.q2k740
37 106
153 12271
tryp_XI_1113h05.p1k
1 3174
4442 4881
5826 5964
6281 9107
9221 10681
11655 12359
13038 16832
16834 18544
18546 18607
18800 18867
18968 19136
tryp_XI_1126c12.p1k
1 120
1174 3356
3557 4843
4973 10734
10896 10977
11180 11268
11825 12291
tryp_XI_1130e12.q1k
206 4252
4784 7216
8446 18674
18676 18842
18861 18935
18937 19025
19088 19338
tryp_XI_1133d10.q1k
1 5326
7259 7459
7626 7682
7803 8085
8333 17783
tryp_XI_1138e03.p1k
1 13223
tryp_XI_1144a03.p1k
1 18242
tryp_XI_1150d08.q1k
1 21727
tryp_XI_1152c10.p2kA602
1 4108
4698 5720
7089 8052
8807 10257
10849 11129
11248 11607
11717 12429
12558 13544
tryp_XI_139f04.p1c
85 999
1296 1968
5188 10526
10625 11080
tryp_XI_147f01.q1ca
1 2466
3107 3268
5525 12916
tryp_XI_256a10.p1c
1 21152
tryp_XI_266b02.p1c
1 1453
2102 2201
2637 4519
4647 7472
7790 8203
8442 8543
8985 10237
10912 12330
tryp_XI_270f07.q2k6013
1 975
2281 2605
4812 7045
7118 7177
7358 8796
9570 14898
tryp_XI_285a11.p1c
1 7089
7091 11608
tryp_XI_311f03.p2k913w
1 5695
5779 11389
tryp_XI_314d08.p1ka
1 66
413 854
1389 4900
5370 8561
9886 11111
tryp_XI_321e04.q2k4065
1 2875
3030 11622
tryp_XI_339b02.q2k2024
49 3607
3787 5298
6176 8248
8680 11782
tryp_XI_361h08.q1k
1 5274
5471 10695
11285 12961
13058 15471
tryp_XI_374h12.q2kA203
1 685
962 1429
1605 1714
1801 2316
2383 17417
tryp_XI_390c04.p2kA614
1 196
198 289
291 13811
tryp_XI_396e01.q2k3025
1 15346
tryp_XI_425g10.p1k
1 5807
6046 6116
7816 10477
10550 10670
10739 11364
11546 12525
12682 15011
tryp_XI_431h02.p1k
1 4087
4089 18241
18371 18464
tryp_XI_467d06.p1k
1 18089
tryp_XI_476g10.q2k4126
1 17549
17551 21187
tryp_XI_833h02.p1k
1 11873
12870 14367
14618 15929
tryp_XI_862d07.q2kd7148
1 10695
10782 15059
tryp_XI_872c11.p1k
1 61
98 454
12294 12873
12875 14115
tryp_XI_881g06.q2k5028
1 489
629 864
1633 2743
2854 6680
6756 6842
6936 10967
11089 13822
13925 15165
15987 18920
tryp_XI_884a07.p1k
1 17182
tryp_XI_887c11.p1k
1 2457
2781 3123
3258 16101
tryp_XI_891h01.q1k
1 12226
12700 14876
14977 16663
17006 17339
17483 20748
tryp_XI_899c04.q1k
1 6585
6685 7694
7772 8222
8541 8601
9161 9371
10468 10536
11551 11768
12052 26578
tryp_XI_905b11.p1k
1 15392
tryp_XI_925b07.q1k
1 11870
tryp_XI_944g01.q1k
1 844
885 10348
10376 11830
tryp_XI_944h10.q1k
1 151
153 670
3658 3708
3952 4039
6128 6748
6823 6991
7132 7301
7777 9066
10503 11227
12018 13533
14225 14684
15274 17154
17376 17555
17692 17816
17978 18365
tryp_XI_967a04.q1k
1 25825
tryp_XI_974h12.q1k
1 14452
tryp_XI_976e03.p2kA567
1 1462
1633 1986
2110 3325
3327 3733
3911 5756
6513 6625
7151 12490
12492 12566
12568 12646
12734 13036
13233 13968
13970 17608
tryp_XI_983f02.p1k
1 3277
3284 5116
5327 5394
5670 6936
6938 13224
tryp_XI_989c01.p1k
1 6405
6407 6614
6616 11722
tryp_XI_994c05.p2k850
1 12447
