Tb927_01_v5.1
1 2213
3043 4323
4407 4793
4954 5096
5197 5295
5405 5547
5617 5707
5798 6046
6114 10362
11519 12027
12105 12682
12980 39745
40954 44885
47001 47118
48439 48585
48853 57338
58404 58873
59627 60749
61568 69731
69852 71972
72899 83212
83593 83992
84275 87825
87960 92794
93016 97949
98055 100690
100947 101052
101270 101538
101681 102718
103671 105202
106223 115980
117113 121466
122833 122945
123047 127808
134386 134869
134974 139550
140172 140746
141516 146288
146706 146838
146981 148417
148494 150955
151048 151337
152134 153501
154368 154431
156330 162983
163875 167695
167892 170468
171217 172627
173963 177039
177595 178321
178918 180447
182224 184319
184636 184834
184955 190102
190631 191221
191361 193917
194164 194341
194603 197015
199432 199897
202500 202978
204353 204689
223760 225475
232810 233244
234277 235022
244475 245004
284931 285300
417890 418558
442863 462123
467736 467839
510453 510729
524164 524281
531763 532068
571219 577760
577838 582709
584532 586625
586927 587100
587613 588283
589481 590715
592298 596979
597827 599339
600041 603212
614414 614508
614698 614838
615434 615868
638081 647832
689271 689406
727630 727825
731240 731573
734238 734288
736944 737044
740185 740255
740925 741035
741444 741574
741791 741846
742005 742126
742487 742634
742717 742821
742899 742957
743046 743214
743328 743384
743501 743557
743921 743985
744231 744318
744975 745043
745589 745717
745908 745957
746458 746545
747135 747205
747352 747509
747822 747921
748010 748071
748935 748993
749631 749685
749822 749918
750150 750255
750665 750786
750867 750957
751067 751137
771175 775992
780328 785476
785547 790262
790923 791102
791458 798135
799919 807913
808242 809033
844022 844185
891734 891995
923426 923530
939098 939722
941852 954754
955370 955806
959270 959333
960298 960462
960950 961138
971760 971947
986390 986607
988877 989007
989577 991707
992208 992369
993173 993392
994961 995768
997101 997285
1003638 1003861
1010926 1011406
1011805 1011859
1012890 1013176
1013936 1014001
1014286 1014678
1015078 1015687
1017044 1018047
1018473 1019383
1019705 1019818
1019917 1020035
1020541 1020658
1021283 1021622
1023615 1023693
1025135 1026008
1026639 1026708
1027473 1029364
1029439 1029862
1030790 1030867
1031267 1031394
1032313 1040293
1042214 1046723
1047073 1047251
1047389 1049423
1049709 1053326
1053747 1054372
1055234 1055665
1055868 1060420
1060527 1061199
1061300 1061999
1062105 1062175
1062250 1062696
1062803 1063788
1063886 1063987
1064080 1064164
1064292 1064672
Tb927_02_v5.1
1 4383
4596 9123
10183 18608
20906 21114
21256 21352
21587 27141
27416 28652
28842 29423
30149 33335
34050 37468
37730 37999
38396 46863
48296 49083
49185 53574
53655 54634
54936 55150
55657 57224
58649 60857
61058 64357
65018 74920
75997 78709
79031 89033
89263 89344
89522 89835
89953 93884
94126 94312
94596 98465
99102 101018
101095 108250
108362 108610
109846 109937
110034 111690
111849 112124
112323 121748
122618 128417
128978 129167
129782 131223
131610 131741
131929 132265
132553 132899
133092 133398
133502 134176
134677 136435
137863 137971
138104 140015
140185 141331
142179 143003
143205 143790
144328 144398
144664 145860
146075 147667
147824 149808
150775 151506
152472 152998
153875 159191
160722 165955
166723 167707
167902 168476
168732 169809
170119 170496
171425 172620
172975 173764
173992 174061
174975 177551
181279 192235
192759 193639
193731 193988
195091 197058
197221 197377
197593 202864
203210 205696
206407 207287
208193 208281
208497 212678
212775 216005
216181 218948
219622 221798
222930 225542
225665 225749
226095 226587
226754 226959
227051 227757
227886 228424
230412 232180
233036 234307
235052 240442
241389 242478
243237 247546
247629 248145
248651 248872
249063 249819
249954 250860
251710 252153
252276 253916
259304 262032
262838 289328
289587 289733
290315 298785
299172 300134
300694 301551
302212 302519
302593 303071
303241 303652
304115 304237
315484 316638
352166 352454
359046 359772
359895 364881
365045 368194
368356 368738
368985 386719
415097 415717
415964 416094
448961 449104
449728 449930
450430 450516
451638 451697
451874 451968
494375 495169
540772 540847
541269 541326
541760 542242
542405 542473
542883 543170
543442 543518
543847 543971
544071 544130
544236 544290
544472 544528
544607 544780
546223 546290
547830 547885
547991 548127
594814 595042
596001 596685
597482 601574
601690 613860
614480 615786
616862 617328
618851 619034
620355 620555
712438 713835
745360 752168
844057 846327
863727 869141
899037 899513
900634 901068
903327 904961
942470 944239
945187 957718
973860 997426
1035501 1037329
1060684 1063850
1064476 1067340
1077123 1077375
1106414 1107243
1108005 1108704
1109512 1109673
1110053 1110312
1110437 1112052
1116318 1119182
1119872 1120102
1120180 1120610
1121311 1128115
1130666 1136809
1137384 1149368
1149456 1159558
1161818 1162824
1163467 1163770
1165326 1166088
1166557 1167632
1168637 1170051
1170196 1172752
1173179 1173737
1175891 1175978
1176079 1176656
1178223 1181057
1182973 1183174
1184038 1184911
1185503 1185651
1185828 1188871
1189302 1192371
1192473 1192572
1192671 1192738
1192829 1193948
Tb927_03_v5.1
1 163
726 994
1499 1676
2737 3115
4354 5085
6340 8999
9076 11501
16620 16930
17903 18230
19072 19284
22859 22936
23838 23976
24203 29217
35974 36050
36316 37734
37962 38820
39735 40082
40616 41868
42940 43509
45512 47118
47707 47792
48025 48299
48764 49180
49342 50689
51844 52202
55341 55476
55549 55646
57592 57955
58322 58480
59104 60016
63157 64443
64598 65921
67928 75135
78583 78741
81683 81769
85374 85455
89723 90031
92649 92888
94655 94727
95305 96182
97798 98039
99236 99749
100232 100436
101059 101156
101928 102103
102948 103372
107025 114580
115501 116512
116879 116987
117300 120565
121868 121930
122871 122952
132836 133400
136012 136489
137482 138420
144209 144409
152003 152517
152787 153223
154509 155538
167943 168127
255602 255690
261046 262383
372989 375670
384911 391179
400798 401630
494125 494604
634483 634716
634841 636814
640359 641795
641867 642946
643228 645783
818237 820586
875843 881767
884281 892399
896702 897568
899147 912448
913970 918208
918294 920117
924321 932419
932505 946297
947066 960375
960544 967291
967663 974143
1074491 1074632
1092464 1092892
1123072 1123259
1123261 1123405
1148364 1150209
1151178 1158225
1185243 1185416
1210692 1219266
1232221 1232327
1236971 1237790
1285807 1286089
1339173 1342498
1344467 1349208
1460765 1460963
1462618 1462785
1492597 1494969
1547985 1548831
1586128 1590252
1590571 1590770
1591108 1591323
1591391 1591615
1592222 1592309
1592838 1593124
1593975 1604767
1605304 1606214
1606351 1606897
1607403 1611207
1611367 1612206
1613327 1616396
1617130 1617476
1626445 1627762
1627828 1629970
1631020 1636998
1639143 1640863
1640994 1642506
1642787 1643710
1644343 1644951
1648297 1649414
1650084 1651152
1651703 1652255
1652842 1652991
Tb927_04_v5.1
1 3134
3262 4111
4434 5813
6183 7678
7764 21432
22088 26479
26608 27412
27596 28940
29461 30828
30897 31096
31358 32866
33048 33203
33328 34222
34290 34538
34836 36431
37640 40565
40734 40851
41071 47931
48448 51280
51532 51582
51804 51874
52220 52305
52461 53001
53140 60957
61575 67922
69162 69580
69658 70992
71904 78782
307931 308922
318164 318241
320100 320445
512884 513139
518362 526810
527038 528284
840689 841012
842156 843763
843893 844049
844126 857165
898976 899299
903224 904058
911830 912042
913924 915979
916537 916705
917878 919398
921782 922818
923844 925917
940978 942070
949674 949973
950775 953435
954438 958580
959198 959937
961019 961222
962341 962761
962887 963138
964821 964982
965699 965903
976187 977018
983248 983350
983524 983639
983826 983887
984564 984710
1006593 1011676
1012376 1012710
1013409 1014354
1014976 1015633
1016915 1021272
1044230 1044386
1044593 1044725
1045092 1045154
1046999 1047743
1058747 1060770
1061590 1062298
1063674 1066910
1067368 1068706
1069684 1070199
1077195 1077357
1079532 1079701
1089885 1090612
1091989 1093494
1093992 1100558
1101350 1101912
1102532 1102725
1114999 1115522
1126697 1129047
1129642 1131173
1134290 1136998
1147498 1147797
1157310 1157637
1163734 1163891
1167372 1168165
1168247 1184013
1184615 1189791
1190556 1195465
1196955 1199879
1202139 1202313
1222492 1222755
1230747 1230816
1232065 1232127
1232242 1232306
1233405 1233509
1235243 1235429
1235779 1235913
1235990 1236213
1236304 1236378
1236589 1236827
1236920 1237022
1237134 1237368
1237805 1237877
1238328 1238479
1239321 1239485
1271089 1271415
1285901 1285989
1286671 1286915
1287694 1288516
1300544 1301530
1319305 1320745
1322104 1326656
1328046 1328625
1329299 1330081
1347334 1352760
1358677 1360312
1361562 1362192
1370455 1379040
1380152 1380686
1384738 1385882
1395384 1395688
1401566 1402524
1402660 1402766
1402917 1403586
1408512 1410740
1414578 1415943
1419543 1420191
1425612 1426856
1428693 1436814
1438230 1438308
1438653 1438777
1438898 1438991
1439152 1439333
1439890 1439997
1440167 1440266
1440529 1440814
1441097 1441183
1441323 1441392
1441642 1441698
1441797 1441858
1444134 1444332
1451709 1452155
1453228 1453759
1456127 1466544
1470606 1471363
1472390 1472599
1472777 1473471
1473858 1474008
1474872 1475021
1475120 1475344
1476408 1487244
1487821 1489737
1492314 1494211
1494317 1494417
1494578 1494773
1495435 1500295
1500576 1501040
1503214 1507600
1507973 1508024
1508330 1510074
1510528 1510761
1511751 1512091
1515577 1516021
1516432 1518649
1520953 1521066
1522059 1522140
1529236 1530537
1534073 1534272
1539736 1540021
1541546 1541723
1547743 1547882
1548280 1548447
1549223 1549472
1550305 1554858
1555663 1555737
1555905 1556319
1556948 1557710
1560421 1560598
1560700 1560998
1562558 1563014
1564274 1564383
1564951 1565319
1566459 1566839
1571946 1572735
1575280 1575351
1575735 1575993
1578993 1579096
1579317 1579739
1581341 1581602
1581721 1581778
1582336 1582498
1582580 1582956
1583079 1583700
1584497 1585045
Tb927_05_v5.1
1 3009
3796 5156
5274 10374
16822 20042
20126 21399
21505 23711
23800 24640
26388 29654
30556 42973
43091 43155
43424 48054
48164 48304
48399 48508
48745 49469
51344 51411
51554 51652
54597 55400
56429 59883
60111 64987
67161 69009
71803 74169
79383 85227
90658 114162
114763 115361
116617 117747
118367 119155
120645 124572
124766 138895
139431 143427
144291 146247
147722 160410
161083 162170
165346 182233
185099 189555
190605 191210
248169 248541
251921 253004
253631 256889
276631 276829
353645 353781
356008 361777
362596 363357
367683 368978
425271 436816
449235 449395
455149 455207
504817 505722
505968 507041
507168 509516
510731 512791
512870 513713
568550 568762
579504 579701
620835 621042
621837 624833
628493 631482
676685 676760
677145 677198
677702 677752
679279 679339
680286 680341
680686 680809
681126 681180
681517 681607
682127 682398
683118 683176
683696 683849
687115 688181
688877 692088
693350 693435
693637 693899
704240 704387
739747 740049
740320 745214
747719 748522
749229 757837
762097 762278
784181 784369
802542 802988
835949 836072
1211851 1212286
1230290 1232054
1289543 1289922
1290032 1290182
1327952 1331554
1332079 1335023
1391384 1416979
1420233 1424039
1427788 1428711
1428836 1429009
1429192 1431045
1431902 1447618
1448710 1450021
1456049 1456207
1456282 1457510
1459353 1459625
1460146 1460759
1462327 1462514
1470982 1471199
1471758 1471925
1475399 1475508
1478077 1479052
1483530 1483881
1486687 1491571
1492323 1492553
1492680 1492744
1493620 1495940
1496134 1496471
1502581 1506918
1510969 1511056
1511700 1512479
1512839 1513837
1515524 1515894
1517647 1519808
1521410 1522138
1525807 1526194
1526445 1526863
1530421 1530900
1530968 1531095
1532380 1532935
1533013 1548690
1548894 1558870
1559155 1563490
1564056 1567625
1568191 1570617
1570694 1572519
1572597 1572680
1572869 1573693
1573870 1577688
1577918 1578858
1579838 1580836
1582611 1584264
1584338 1584609
1584680 1590929
1593134 1593950
1594124 1595075
1595805 1605337
1606015 1608013
1608606 1611511
1615946 1618548
1619078 1622119
1627594 1631682
1631769 1634070
1634617 1640339
1643535 1653041
1653118 1654748
1654911 1664138
1664238 1666203
1667417 1667843
1670650 1672599
1672678 1674848
1675111 1675393
1675469 1675525
1675752 1675972
1676182 1676995
1677598 1680468
1681129 1683686
1683770 1686378
1686455 1686536
1686886 1691487
1691565 1691933
1692739 1692815
1693407 1693721
1694174 1694711
1694916 1695104
1695175 1695889
1698228 1706972
1707074 1708657
1710296 1716131
1716371 1718285
1720034 1720274
1721124 1721214
1724980 1725940
1726494 1727054
1727176 1729793
1729912 1731966
1732759 1733825
1735137 1736811
1737449 1737505
1738206 1738330
1738441 1741320
1741585 1741648
1742034 1743216
1743316 1743591
1743982 1744265
1745388 1747625
1748040 1754681
1754819 1756096
1756841 1760964
1762168 1766430
1766695 1769239
1769684 1769870
1773641 1774430
1774660 1775692
1776014 1776310
1777391 1784965
1785783 1786389
1786520 1787246
1789662 1790734
1791035 1792227
1793550 1802028
1802230 1802303
Tb927_06_v5.1
1 6559
6717 6887
6889 7864
7995 11197
11688 11874
11979 13594
14141 15523
16231 17791
18315 19014
21565 22685
23294 23723
24533 25048
25778 29514
30600 44580
46008 48304
48449 49072
49222 51400
51907 53708
54227 60615
60737 62330
62391 64288
64870 67059
67234 69643
72823 73141
79412 79656
84766 90814
93993 95224
116900 123695
126254 128532
128988 129243
130160 132176
133204 133348
133541 133802
134843 173328
180664 187752
200079 201316
201875 203738
210417 218543
218614 218676
219163 225760
227140 227216
227349 228324
232262 234540
265384 265459
265729 265861
289945 290022
290722 291169
298369 299045
314379 315190
317679 319187
319724 331868
332838 338672
346928 347064
347135 347304
348063 348207
348406 348467
348769 348833
349013 349081
398182 398428
404922 415502
416978 423916
480149 480323
481725 483126
483338 483749
487091 503882
537805 537897
597511 597607
597818 597920
598095 598146
599550 599656
599785 599840
600917 601080
601271 601327
602061 602110
604145 604243
604885 604948
613517 617858
636725 636894
687779 689165
704802 705164
717139 719381
720193 726246
779607 779819
781181 781388
987243 1001950
1002910 1005209
1054038 1054349
1090007 1090195
1126441 1128459
1176508 1178696
1189897 1190066
1220794 1223074
1281189 1283022
1344507 1360548
1402464 1402703
1416374 1416635
1419004 1420004
1422596 1422826
1423703 1425643
1425893 1427722
1427969 1432699
1432976 1433417
1433497 1433798
1434566 1437999
1438643 1438771
1438911 1439096
1439604 1439741
1441423 1441913
1442058 1443518
1443728 1443857
1444784 1444946
1448961 1449065
1451800 1453366
1453554 1453644
1454524 1454591
1455032 1455140
1455259 1455368
1456338 1456579
1456766 1457116
1457677 1458566
1459887 1460104
1461468 1461565
1462270 1464041
1464306 1466386
1466493 1467989
1469113 1469731
1470710 1470968
1471604 1484249
1484657 1493112
1493192 1495251
1495829 1496298
1496440 1496599
1497003 1497205
1497997 1500409
1501342 1514604
1514922 1514984
1515062 1515204
1515372 1516124
1516219 1521560
1521665 1524580
1524774 1525754
1525929 1527101
1528195 1530116
1530261 1532140
1532325 1532685
1533001 1535781
1535896 1538285
1538486 1538903
1539805 1540423
1540810 1541187
1541293 1544246
1544400 1545145
1545226 1550709
1550788 1550865
1550946 1551761
1551916 1552642
1552768 1553110
1553247 1555231
1556744 1559162
1559296 1563644
1563829 1567043
1567274 1568368
1568564 1568629
1568775 1570587
1571326 1571726
1572321 1572729
1572962 1575131
1575391 1575700
1575885 1575981
1576276 1576364
1576707 1577914
1579175 1579446
1580584 1580977
1581050 1582939
1583097 1584560
1584631 1585478
1586022 1586495
1586564 1587186
1587495 1590484
1590604 1592563
1594372 1600892
1601214 1601888
1601997 1604426
1604619 1605161
1606024 1606282
1606672 1608221
1608729 1610005
1610185 1612801
1613859 1613983
1614650 1614708
1615374 1615428
1615656 1616238
1617596 1617703
1618186 1618424
1618811 1618915
Tb927_07_v5.1
588 954
1176 1314
1407 2125
3124 3180
5395 6070
10648 11495
12943 13280
14252 14305
15300 25040
25636 25764
25910 26676
29245 29355
29469 29813
31433 32288
32935 33345
43382 44295
64919 68802
70211 74618
75156 79667
95645 96689
110358 110570
112992 113208
184777 185592
231091 231616
290386 291621
320649 320815
347713 347917
429044 430056
441392 446952
465153 471191
471711 471781
472600 490492
491714 513544
554634 554939
599997 600854
678292 678897
681268 681464
681982 682181
729672 735196
735198 740582
761057 764832
837749 840066
860259 860410
861273 863424
864070 864435
865467 869173
998934 1001783
1099823 1102535
1125075 1125171
1125960 1129471
1130435 1130528
1157605 1158973
1218105 1218808
1276945 1277141
1285013 1287290
1300140 1300355
1312512 1314564
1317798 1317957
1325667 1326282
1332839 1333070
1352246 1352472
1362977 1363516
1407159 1407323
1407467 1407520
1412208 1412767
1414730 1414928
1417414 1417569
1422987 1423078
1423499 1423668
1424065 1424664
1424835 1424956
1425032 1425098
1432703 1433212
1441476 1441685
1442886 1442987
1450338 1450594
1452120 1452858
1453387 1456390
1456989 1457792
1500317 1500624
1503517 1504013
1527115 1527280
1537352 1537558
1590907 1591821
1592802 1594578
1600150 1600882
1601699 1601895
1602622 1613579
1614653 1615337
1615929 1617513
1618666 1620801
1625748 1630810
1633352 1653100
1653192 1653364
1653581 1653740
1657202 1657496
1665297 1665519
1666238 1668491
1669237 1669295
1766093 1766606
1773237 1773362
1780248 1780334
1783157 1783247
1784722 1788673
1789932 1791751
1792880 1792966
1794197 1794401
1795447 1798595
1799391 1802260
1803078 1803546
1852139 1852199
1854128 1854195
1892296 1893476
1893584 1895093
1909367 1909597
1917873 1919371
1926390 1926560
1928781 1929086
1930175 1931500
1935227 1935342
1937267 1949963
1950029 1954439
1955120 1959174
1959684 1961326
1961984 1962555
2032415 2035160
2125167 2128343
2128557 2128882
2149339 2149406
2151137 2151437
2153933 2154261
2158264 2158462
2175926 2176065
2177888 2183920
2184054 2186805
2187613 2187978
2190222 2192589
2194402 2194601
2196579 2197385
2197463 2197643
2198265 2199044
2199219 2204574
Tb927_08_v5.1
12379 16885
26240 26592
27635 27943
28966 29083
29348 30570
32307 32819
33009 33228
34755 35935
36562 37004
39051 39100
40216 40581
45418 46134
46675 46882
48930 49438
49859 50150
52788 58099
58851 59086
59260 59609
59803 60000
60721 60779
62166 62499
67578 67658
68021 68159
69169 69370
70460 70560
74931 75902
76454 76797
80001 80229
82010 82443
82692 83053
83161 83266
83345 83973
84074 84345
86312 88792
88890 91837
93536 93698
95673 97225
100615 101507
102345 102697
109910 110202
111140 111413
112660 112875
113467 113592
116265 116768
118104 118370
119069 119282
121315 122527
123160 123369
127784 127860
127939 132683
133239 133507
137747 138742
139291 139573
141568 141788
142661 144663
144770 145144
147311 147509
208562 208873
209804 210516
297490 307885
309197 309568
371708 371850
376332 384770
386313 387086
429403 430082
453834 458989
458991 459897
459899 459987
460048 460356
461496 463350
533906 537008
537223 543640
550242 551437
653576 656115
656391 657530
691793 695002
767631 767794
844701 846219
862641 863156
881788 881935
882641 884873
885831 889793
1036207 1036470
1036755 1038667
1040186 1044614
1051733 1051968
1054969 1055204
1061439 1062464
1086691 1087578
1088639 1090001
1090636 1090942
1093208 1095134
1099930 1100529
1152612 1155298
1156660 1161768
1162875 1164289
1168868 1169000
1175362 1175642
1176914 1177937
1195047 1196147
1198352 1199564
1200166 1200380
1202248 1203348
1209260 1211788
1213044 1218883
1219396 1219899
1221198 1221381
1380193 1386095
1387521 1394481
1407266 1409760
1410668 1411087
1465741 1467033
1477030 1485159
1613347 1613697
1617406 1619104
1619605 1620552
1795595 1796596
1894376 1895337
1942476 1943263
1944392 1946193
1947096 1948567
1995511 1995676
2007701 2007900
2013300 2013965
2026960 2028681
2057540 2058333
2059702 2059992
2061001 2061587
2078614 2078788
2084578 2085100
2097166 2097521
2098116 2101931
2102772 2102826
2109471 2112189
2113449 2113584
2127181 2127405
2131501 2131657
2134633 2134829
2136172 2136412
2137784 2141487
2144699 2145768
2170924 2173152
2187238 2187858
2190914 2191105
2194501 2200993
2201762 2209515
2210981 2212062
2215331 2219291
2230769 2231267
2233164 2236556
2237607 2238627
2298332 2298921
2299712 2306993
2307670 2313049
2313946 2316057
2316097 2316262
2316264 2318343
2318540 2318698
2319813 2334774
2335347 2335979
2336237 2336607
2352023 2354164
2386673 2386786
2388179 2388732
2389507 2390082
2391645 2392619
2395207 2396182
2417411 2417604
2425865 2426142
2428226 2428467
2430848 2434646
2435973 2436052
2436121 2436828
2437918 2438292
2438370 2438473
2440133 2442874
2443479 2444542
Tb927_09_v5.1
1108 1169
2070 2576
2653 2849
2933 3438
3643 4158
4261 4366
4469 5542
5642 18769
19029 25665
25771 27091
27193 28973
29325 29489
29587 30420
30599 31263
31554 32232
34540 34723
34795 34881
34965 37313
37413 37732
38648 41943
42391 44031
45376 45426
46071 51008
51086 53811
54012 54486
54582 54765
56072 56973
60789 61236
62414 63312
63525 64260
64412 64944
66255 67548
67681 67923
68184 69670
70088 70205
71273 73143
73431 75446
75524 84678
84844 85192
86019 86568
86689 86990
87088 87557
88180 88458
89356 89540
90487 90760
91390 91762
96400 96722
97718 99210
99446 99657
100941 101014
102943 103434
103925 105060
110321 110539
110680 111087
111826 111931
112030 112987
113065 113295
113443 113618
113688 116455
116675 117171
117327 117809
121354 121513
124451 124976
125691 125886
127895 128327
128745 128842
128914 129387
129470 130141
130787 132189
132379 133639
134049 137343
137424 137833
138160 141603
141690 141798
142930 146529
146663 152632
152813 154466
155212 155524
156141 160454
163645 166107
166588 166776
167093 171753
172448 173645
175057 175234
175316 176985
177080 177172
177440 179179
179616 181674
181747 182021
182113 184541
184918 185228
185306 186327
186443 188563
188946 189337
189561 189855
192859 193024
195206 195617
198591 199195
203204 204984
205615 206034
207039 207824
207898 210486
210783 211049
211144 211523
211603 212018
213280 218406
221285 225238
225353 225504
226223 227721
227853 229304
229515 229816
230638 232192
232300 232599
232693 238279
238586 239264
239516 249148
249656 256037
256851 257769
257841 258726
259251 259399
259515 260108
260221 260307
261258 262337
262722 265571
265675 269389
269579 269629
271102 271872
272166 272421
272837 272892
272984 273294
274088 274302
274576 275046
275166 276435
279002 279249
279399 282922
283007 284254
284730 285417
285685 290415
290533 293694
293777 295579
295809 297570
297642 298641
299072 306249
307887 308437
309014 309172
309840 310680
310830 310961
311427 313106
313196 313409
315121 316285
316424 316574
316767 316863
319283 320055
320339 320435
323071 324279
325053 325177
327896 328107
334405 334663
335245 335487
337754 338583
340996 341221
351788 352633
376169 377196
440593 443241
470680 474363
519140 519404
522658 522823
534451 555699
608139 612063
612844 651996
689131 689802
691079 692582
743929 744989
764421 771148
776732 777635
779308 779861
799472 803459
866780 866963
904295 906148
910247 910549
1008509 1011839
1029569 1030448
1033387 1034201
1044516 1048660
1121410 1121728
1122726 1123478
1153507 1153824
1185966 1191219
1191290 1192565
1192684 1195804
1196802 1197657
1198533 1198726
1199558 1200855
1201576 1201748
1202208 1204221
1204317 1204483
1206099 1213554
1213738 1221587
1246411 1247789
1287710 1321771
1373528 1374136
1425594 1426644
1432916 1434822
1498747 1499527
1500128 1501003
1502094 1504137
1504920 1505827
1673276 1674938
1675852 1686246
1702881 1703148
1735535 1735584
1751692 1752371
1771230 1771964
1834855 1836592
1917166 1918412
1967045 1971567
1975222 1985878
2084898 2085610
2171420 2172909
2173424 2174915
2178890 2181221
2183929 2183997
2185399 2185517
2186324 2186476
2186640 2186824
2187996 2188088
2188477 2189040
2197690 2197934
2265000 2266530
2266609 2267448
2268085 2271559
2272314 2272414
2283445 2286001
2289748 2290047
2290950 2292231
2293936 2294990
2295564 2301731
2302608 2336289
2415518 2415722
2420540 2420821
2421431 2422726
2423435 2435242
2436900 2445817
2448546 2505166
2505346 2505408
2505567 2505616
2506086 2506162
2506572 2506623
2506707 2506766
2507071 2507127
2507764 2507818
2508039 2508163
2508364 2508631
2510721 2511210
2512913 2513180
2514288 2520346
2523364 2523613
2525615 2528988
2530056 2538577
2539506 2541237
2542035 2542964
2543700 2544917
2544984 2551888
2552700 2552799
2553076 2555334
2555400 2555528
2555712 2555761
2555933 2556203
2556561 2556794
2557247 2559418
2560012 2560535
2560706 2564901
2565003 2589661
2592327 2604961
2605481 2612384
2612725 2615044
2615238 2625072
2625220 2626500
2626721 2631038
2631308 2632015
2632099 2638110
2638562 2646130
2649215 2654968
2655611 2655886
2656137 2656533
2656618 2656912
2657101 2662406
2662911 2662971
2663383 2664342
2664416 2665603
2665674 2666212
2666401 2676223
2676696 2677485
2677669 2678212
2678621 2678768
2678906 2678963
2679520 2679853
2679958 2680096
2680436 2681879
2682194 2682563
2683102 2691482
2692104 2694842
2694912 2696036
2696245 2698510
2699068 2701678
2701821 2702608
2702844 2704534
2704657 2705004
2705206 2705401
2705703 2715869
2715990 2719116
2719239 2722966
2723796 2725428
2726591 2728592
2729112 2729322
2729399 2729511
2729921 2731943
2732341 2732455
2732771 2732820
2733867 2747968
2748141 2749574
2752213 2756026
2756944 2757372
2757916 2757995
2758203 2758496
2760672 2767080
2767532 2768107
2768541 2769994
2770123 2771600
2771832 2772158
2772414 2773767
2774080 2774332
2774515 2774647
2774920 2776030
2776118 2777754
2777885 2779047
2779863 2780265
2780999 2781060
2785328 2786954
2787388 2788925
2789479 2790878
2791125 2794760
2794913 2800039
2800677 2801225
2801305 2804603
2804985 2806367
2806486 2807020
2807122 2807891
2807990 2815939
2816061 2818253
2818324 2818390
2818696 2820424
2820663 2821804
2822009 2823841
2823966 2824937
2825641 2828057
2828124 2828297
2828974 2829040
2829226 2830387
2830491 2830540
2830722 2832470
2832709 2835213
2835608 2835994
2836151 2844201
2844287 2847480
2847780 2849621
2849733 2853770
2854185 2870435
2870751 2877313
2877398 2887556
2887838 2888122
2888321 2888786
2889273 2896671
2896772 2900217
2900303 2901187
2901829 2902077
2902174 2902523
2902626 2905179
2905409 2905885
2906075 2911681
2912050 2916409
2916933 2917784
2918570 2919634
2920725 2920774
2921263 2921763
2921862 2922888
2924087 2924183
2925492 2925861
2926158 2926316
2926743 2927043
2927285 2928778
2928856 2929983
2930060 2930774
2931042 2931354
2931444 2931670
2931814 2933862
2934368 2934850
2935013 2935693
2935797 2936126
2936641 2940965
2941259 2942640
2942758 2945859
2946002 2966004
2967842 2968087
2968193 2968632
2969121 2969512
2969600 2969913
2970381 2972198
2972311 2975819
2975983 2977554
2977851 2979759
2980002 2980165
2980452 2980594
2980776 2986750
2986902 2998574
2999833 3005468
3006641 3011225
3012254 3012446
3012656 3018367
3021369 3021606
3023845 3025768
3028781 3028910
3029326 3029469
3030088 3031012
3034448 3036067
3036219 3037170
3037556 3038026
3038728 3039019
3039152 3040043
3040343 3041089
3041258 3042320
3042517 3042880
3043652 3044583
3045536 3045966
3046386 3047353
3047503 3049244
3050202 3051181
3051270 3051528
3052227 3053264
3063136 3063224
3063582 3064002
3065452 3066532
3067080 3067384
3067827 3070324
3071192 3072376
3073974 3074091
3074264 3076157
3076435 3076779
3077109 3079441
3080095 3101167
3101287 3103975
3104315 3104689
3105559 3105954
3106097 3106268
3107239 3107519
3107983 3108065
3108517 3108605
3108826 3114928
3115507 3118063
3119911 3121992
3122082 3133084
3133185 3148035
3148320 3149226
3150280 3150346
3151004 3151117
3151280 3162308
3162714 3170381
3170455 3178266
3178932 3181700
3188699 3188929
3189036 3189303
3189393 3191197
3191422 3193400
3193478 3193568
3193829 3194281
3194603 3201397
3202586 3205072
3205158 3205404
3207341 3207900
3208630 3209383
3209506 3210646
3210822 3211201
3211722 3213716
3214138 3214203
3214996 3217950
3218073 3219837
3220150 3222834
3224894 3225837
3225935 3226100
3227353 3232854
3233018 3237973
3238180 3239863
3241367 3241488
3242371 3243884
3244746 3244902
3245405 3245775
3245848 3246204
3247079 3247138
3247529 3249847
3251007 3254370
3254886 3256701
3256916 3257675
3257782 3260304
3262555 3262874
3263513 3269337
3269482 3270156
3270264 3274232
3275464 3278375
3282696 3289472
3289553 3289623
3294702 3295627
3295712 3297774
3297852 3298856
3299048 3300661
3300738 3301977
3302416 3302576
3303794 3304737
3305613 3305787
3306512 3307801
3308450 3308760
3309019 3311347
3312647 3313168
3314257 3317807
3327377 3328410
3329369 3339712
3339823 3340541
3343657 3343710
3347739 3354249
3354916 3355439
3356848 3356984
3360408 3360519
3364498 3364724
3365193 3366431
3367217 3373469
3374835 3375311
3375821 3398030
3405868 3405949
3406632 3407400
3411581 3419730
3420371 3424219
3424303 3427542
3428509 3428916
3429510 3431961
3432783 3441993
3442173 3448241
3448363 3448720
3449175 3450541
3451364 3451549
3451722 3451865
3453180 3453288
3454957 3455055
3455420 3457042
3457653 3457727
3457812 3457902
3458320 3460644
3460855 3461209
3461358 3461508
3461617 3461862
3462655 3462733
3463112 3464528
3465570 3466295
3467406 3468230
3468325 3473087
3473649 3478645
3478747 3478863
3478942 3479430
3480723 3480801
3481100 3481390
3481948 3483860
3484182 3484303
3484404 3484916
3485416 3501425
3502923 3505042
3505718 3521254
3521478 3527322
3527503 3528245
3528982 3529173
3529366 3530432
3530523 3530586
3530846 3530911
3531044 3541816
3541921 3542885
Tb927_10_v5.1
1 903
1250 1336
1425 5662
5802 13701
14030 17797
18055 22267
22411 31880
32654 32902
33108 33503
33791 35238
35509 39943
40253 42385
43225 45049
45207 45908
46209 46556
47177 54937
55068 56653
57432 57662
57910 57992
58313 58701
58999 59649
60806 61913
62011 64574
67139 67330
70051 70226
107081 107336
115197 115248
117196 117677
135500 135727
143474 143671
146079 146251
147728 147891
153478 154214
169971 170182
185372 185614
194860 195034
221374 221589
239924 241757
243518 244560
278241 278621
279182 280370
280898 281541
282164 284092
290875 291196
291806 292181
298410 298573
329261 329707
330442 331381
368233 369564
380792 384372
384572 385041
394195 394464
449767 452016
472400 473174
474332 475107
545126 551203
617654 617951
633758 633828
634262 634402
640410 640932
647286 647359
664189 664699
732036 732239
764486 764684
799247 799662
800269 800409
800849 801010
873080 873980
1077714 1077880
1127249 1128239
1134568 1135709
1203737 1204035
1206830 1207084
1233313 1234722
1244972 1245228
1333853 1334158
1349857 1350236
1420768 1422041
1489535 1492938
1531004 1531099
1617422 1617530
1647874 1649708
1695676 1701757
1702007 1702944
1703283 1703377
1703949 1704698
1732331 1737914
1749460 1760168
1786278 1786343
1800805 1801920
1805999 1808360
1851408 1851687
1930344 1930493
2093527 2101464
2102281 2117417
2127840 2129301
2157961 2158075
2176437 2176541
2223090 2223394
2226085 2226389
2343012 2345599
2353426 2353601
2404669 2404857
2440807 2441048
2517543 2517999
2518465 2519402
2519768 2519906
2520054 2520229
2522227 2522402
2523698 2531376
2531977 2532822
2549644 2558079
2571386 2576322
2576824 2579460
2580022 2585387
2654636 2679939
2700991 2707158
2785104 2785857
2845072 2845161
2896420 2896976
3031266 3033705
3036796 3037607
3053481 3053894
3080485 3080695
3101626 3101816
3169542 3170183
3170663 3170799
3171027 3171866
3268635 3269307
3274132 3275091
3313845 3321317
3344656 3349346
3427992 3428386
3441401 3442067
3575262 3575912
3580177 3583115
3612406 3613708
3614764 3616643
3620929 3621179
3622907 3623003
3652263 3652365
3652546 3652718
3690421 3692134
3737472 3737652
3749799 3750065
3750208 3750274
3750393 3750508
3750607 3750730
3750839 3750930
3751013 3751104
3751192 3751253
3751405 3751468
3751565 3751749
3752306 3752413
3753337 3753411
3755393 3755513
3756542 3756768
3756912 3756970
3757051 3757133
3757377 3757541
3757809 3757902
3758367 3758454
3758893 3758981
3759299 3759508
3760011 3760476
3761840 3762223
3783457 3783641
3855334 3860527
3861299 3862496
3882679 3886395
3890635 3892208
3937632 3937707
3941436 3941780
3959130 3959349
3977291 3978100
3978343 3979245
3980004 3980896
3982054 3982698
3984247 3988676
3988756 3989247
3989323 4014586
4014664 4019707
4019854 4021124
4021707 4022989
4023165 4023595
4023718 4024712
4025088 4025815
4026016 4026768
4026960 4027397
4027732 4028010
4030170 4031232
4033039 4034579
4034972 4045296
4046391 4047749
4047895 4050029
4050674 4051543
4052098 4052663
4052855 4056213
4056892 4058334
4058537 4059893
4060058 4060482
4060827 4067528
4068220 4069696
4069875 4070962
4071545 4072271
4072582 4073428
4073509 4074513
4074674 4074754
4075669 4076040
4076381 4076614
4077249 4077367
4077733 4077883
4078280 4078493
4078594 4079177
4079734 4079933
4080057 4080390
4080889 4081785
4082641 4082913
4083362 4086626
4087050 4088471
4088613 4088834
4089027 4089107
4089207 4089848
4089978 4091307
4091642 4091788
4092789 4093341
4095289 4095541
4095633 4095761
4096662 4097556
4099171 4101426
4102042 4102601
4102755 4103337
4105906 4106000
4106243 4106357
4106430 4106544
4106629 4107075
4107282 4109639
4109748 4110014
4110119 4110238
4113554 4114028
4114607 4116523
4117068 4118479
4118581 4119211
4119862 4121990
4122639 4122762
4122902 4123882
4124074 4124741
4124835 4125300
4125794 4129949
4130145 4132480
4132570 4134036
4134164 4135611
4135757 4138698
4138869 4138932
4139032 4139338
4139439 4139512
4139584 4139992
4140156 4140637
4140734 4140818
4140901 4140977
4141063 4144177
4144281 4144375
Tb927_11_v5.1
1 584
698 758
861 1474
1552 1809
1906 3309
3512 4887
6315 6580
7647 8002
8308 24206
24755 25041
30214 31499
31676 31750
32453 35107
127132 127452
173122 173573
177628 182575
250358 250792
279319 282104
284387 296579
296680 312014
313153 314017
318848 319057
321616 322067
323675 323921
440138 440252
444789 447807
447909 449530
452106 452763
453565 456320
456422 456474
458606 462527
463340 463986
464539 464718
465610 466941
467043 468714
468816 468875
476133 477435
478252 480237
480809 481979
491999 492210
537116 537832
552807 554557
565875 566369
588071 588321
652713 654854
690846 697648
697794 698093
701886 702507
807722 808036
837619 837673
962494 962671
965505 965566
966038 966134
966294 966391
967329 967426
968645 968753
969156 969322
969766 969891
969999 970214
971071 971316
1040512 1040563
1052676 1052749
1052934 1053081
1064355 1067246
1068169 1072201
1119115 1119310
1137690 1137898
1191308 1191558
1196283 1200642
1203012 1203262
1254015 1254256
1364913 1365575
1369371 1370995
1372245 1377154
1682273 1683795
1900550 1901165
1983638 1984899
2047193 2047590
2117851 2120059
2154046 2156266
2156383 2161485
2161764 2162427
2162522 2163694
2163949 2164125
2164273 2164428
2164544 2164841
2165755 2167678
2172092 2172562
2186589 2190626
2191359 2200017
2246600 2247894
2349674 2350933
2377124 2382126
2382648 2385094
2386501 2390832
2392174 2396967
2427758 2434448
2470095 2471866
2472367 2476920
2478156 2478744
2542476 2542582
2570641 2570844
2633099 2633555
2634859 2635069
2675278 2677153
2756322 2756884
2843309 2849047
2911257 2912434
2927724 2929571
2958375 2958657
2967652 2970445
2970608 2970787
2972018 2972197
2972588 2975082
3020954 3021400
3028747 3029193
3045455 3046898
3076406 3077041
3091182 3091487
3093297 3093562
3097748 3100884
3112163 3116294
3145298 3145501
3146937 3148376
3204486 3207181
3214584 3215152
3317584 3317709
3369049 3369180
3421601 3424065
3425560 3431511
3486369 3488401
3497067 3498354
3513226 3513556
3514629 3516202
3531444 3532515
3532680 3533395
3598805 3598974
3697090 3697304
3704014 3704198
3709551 3710255
3758523 3758731
3771808 3771962
3777888 3777947
3778758 3778832
3779223 3779347
3779652 3779721
3780416 3780574
3783448 3783509
3783836 3783898
3784039 3784121
3784189 3784264
3784532 3784616
3785678 3785755
3786137 3786206
3786836 3786998
3819226 3819407
3851375 3851544
3881604 3881775
3882608 3883881
3920553 3920605
3920692 3920818
3921707 3921827
3921937 3922015
3951350 3951620
4013385 4014689
4015273 4015381
4063435 4063506
4083674 4084698
4102971 4107464
4115914 4116352
4194503 4196816
4199997 4201354
4223432 4225018
4281061 4282080
4286948 4287770
4320427 4320970
4387376 4387691
4391424 4391864
4412616 4412818
4465958 4466128
4502093 4502332
4502992 4504310
4551023 4551638
4552848 4555802
4556353 4557334
4557954 4558462
4559012 4565164
4566401 4567115
4567328 4567537
4567629 4567704
4568147 4568335
4571800 4590191
4590880 4592350
4593082 4609009
4609291 4609712
4616837 4617364
4620080 4620661
4620831 4620967
4621699 4622231
4623024 4623143
4623954 4624062
4624726 4625046
4627151 4627500
4628362 4628572
4628863 4630399
4631192 4632206
4634070 4640485
4647163 4662275
4662442 4665683
4665773 4674367
4674461 4674674
4674749 4675578
4676265 4677640
4677762 4679907
4679976 4680073
4680152 4680828
4681418 4681757
4681972 4683373
4683476 4689770
4689934 4696737
4696831 4696931
4697592 4697828
4698286 4698936
4699033 4699386
4699926 4700451
4701001 4701108
4703388 4704360
4704774 4705183
4705342 4705668
4708080 4708711
4708840 4716412
4717006 4717360
4717439 4721170
4728984 4733713
4734491 4734827
4736191 4736291
4737056 4743632
4743874 4744091
4744277 4745676
4745901 4748170
4748364 4749026
4749116 4751200
4752369 4752738
4753414 4754156
4754240 4757640
4758621 4759843
4760179 4760281
4760506 4760562
4760642 4761044
4761179 4761315
4762187 4763614
4763854 4764723
4764969 4765175
4765320 4766566
4767084 4767812
4768025 4770074
4770236 4772086
4772314 4777763
4777841 4778631
4778783 4778966
4779100 4779625
4781406 4782370
4785207 4785832
4785910 4786822
4786993 4787990
4788703 4790533
4791192 4791585
4793509 4794315
4796770 4796844
4797051 4797288
4801801 4801947
4802120 4803837
4804354 4804695
4804764 4805327
4805779 4805898
4806711 4807988
4808490 4808920
4809831 4810005
4810238 4810376
4810815 4812011
4813094 4813601
4814712 4815747
4815828 4815909
4816512 4816569
4816640 4816801
4816944 4818893
4819271 4819422
4819608 4820174
4820876 4822572
4825073 4825417
4825699 4826194
4826603 4827722
4828486 4832127
4834243 4834686
4835649 4836129
4836786 4837660
4838054 4838170
4838260 4839181
4840509 4840850
4841417 4841645
4841904 4843843
4844636 4844921
4845451 4845633
4846437 4846587
4847333 4847707
4848241 4848343
4848875 4849838
4850061 4850466
4854494 4855506
4858647 4858969
4865886 4865983
4866169 4866297
4866431 4866511
4866800 4867874
4874281 4874335
4875455 4875730
4876471 4876833
4876919 4886132
4891883 4892013
4899737 4899854
4899936 4899998
4900367 4902825
4903008 4903079
4903166 4904535
4906168 4907464
4908249 4908333
4912763 4912954
4913143 4913836
4918606 4919123
4919350 4919529
4931149 4933576
4934054 4934135
4934459 4934512
4934581 4934631
4935556 4936375
4938022 4938522
4938773 4940103
4942461 4942838
4943025 4943324
4943796 4944786
4944911 4950750
4950853 4959137
4959357 4960348
4960435 4963331
4963460 4963545
4963648 4967772
4967865 4968029
4968214 4969079
4969262 4971533
4971975 4972596
4972754 4972889
4973907 4973959
4974516 4974854
4974938 4975018
4975750 4976130
4976607 4977550
4978644 4979475
4979801 4986571
4986752 4987833
4989547 4989690
4991622 4993369
4993605 4994318
4995361 4996205
4997897 5001791
5002000 5002815
5003300 5004719
5005363 5005545
5005839 5006132
5006481 5016926
5017322 5017792
5017943 5018155
5018227 5019102
5019593 5019777
5021957 5025613
5025768 5030652
5030864 5031600
5032024 5032648
5032719 5032840
5033977 5034217
5034341 5034933
5035643 5036072
5037584 5037959
5039588 5039719
5040598 5042032
5042326 5043751
5044084 5062853
5064597 5065099
5066133 5069094
5071098 5071662
5072007 5072112
5075359 5076269
5076410 5076721
5077216 5077379
5077793 5080288
5083363 5093744
5093824 5094120
5098600 5099058
5099393 5102840
5106366 5106736
5107474 5107888
5108359 5108590
5108836 5108895
5109420 5109512
5109933 5110159
5110448 5111036
5111959 5112426
5113564 5117052
5117134 5118179
5130327 5139798
5139973 5140312
5141174 5191723
5191881 5191982
5192220 5193785
5194098 5194205
5194661 5195174
5195331 5198361
5198458 5198777
5198866 5199063
5199154 5199467
5199469 5199889
5200138 5200216
5200614 5200956
5201236 5201665
5201767 5202231
5202312 5203050
5205665 5223313
Tb927_11_LH_fork_v5.1
1 14430
Tb927_11_RH_fork_v5.1
1 98
1731 3813
5120 24595
24753 34350
34672 35178
35324 40365
40657 41123
41399 44290
44394 48610
48856 49148
49291 50840
50959 51780
51917 53957
54028 56691
56803 61045
61234 63918
64187 68068
68554 71481
71593 71695
71880 73055
73196 73351
73750 76647
76891 98846
99293 106971
107856 108023
108676 118054
119858 120797
121745 122188
122328 122753
122877 123054
123576 124442
127833 128336
128405 128690
133207 133469
133541 136873
136987 137949
139855 145101
147041 147342
149165 151326
151417 163311
163642 170304
170371 171300
172570 173191
173275 175634
175703 176007
176303 189157
189586 190096
191226 195629
196079 209631
210263 215204
215536 215603
215740 217033
217559 217797
218903 219651
219749 220222
220337 220436
220502 222776
224112 224231
224769 226756
227945 228826
228980 235164
235283 237682
237805 247958
248104 249035
250364 263375
263711 265799
265994 277042
277323 278250
278485 278781
279106 279562
279642 279699
279822 280777
282515 285827
285930 286024
286390 287283
287782 289518
289655 295332
295682 299014
300737 301658
303209 303416
305736 306007
310580 310646
311129 312473
312569 317695
317958 318864
319383 319564
319658 321833
322701 322865
323552 323902
324165 324428
325220 329912
333324 333635
335148 335401
335474 337449
337970 338212
339010 339673
340802 342129
342582 344162
344399 344501
344572 347161
347239 352060
352168 352559
352906 353283
353589 354570
355119 355349
356734 356843
357796 357851
358032 358845
363685 363901
366974 367776
367862 368120
369647 369700
370151 371255
371781 372025
372415 372685
372915 373779
374431 374748
379416 379654
379867 380244
380843 381103
382067 384188
384824 384956
387712 388491
389119 389930
390134 390306
390385 390758
390834 391156
391375 392124
392749 392949
393152 394142
394344 395439
395786 396016
396146 397419
398452 411087
411713 415112
415232 415493
415616 426503
426890 429360
429467 430750
430831 431180
431352 431490
431591 434542
435179 437033
437159 437565
437830 438112
438373 440232
440413 447293
448292 450165
451875 452628
452932 453002
453249 453445
455320 455393
455988 456727
457639 457938
458242 458371
459232 460970
461091 461564
461848 466540
467637 467690
469197 470268
471304 471464
471938 472254
473732 473886
474947 476014
476785 477408
478492 479022
482038 482139
482559 483289
487821 488644
489465 490501
490867 491855
493496 493626
493974 494266
494569 496177
496355 496817
497096 497418
499138 499336
499421 499577
499727 500148
500594 501260
501430 503203
503269 504351
504432 504808
504997 505204
506451 506710
506858 508171
508585 509791
509967 510579
511565 511704
511810 512920
513200 516913
520001 523341
528646 529101
530722 531276
535553 535947
536533 537119
537420 537681
539548 539749
545104 545207
545946 546084
547467 548182
548938 549127
550905 551301
554389 554453
554825 556246
556364 556448
559912 559978
561235 561287
561771 574348
574488 578150
578493 580592
580690 582463
582799 583132
583276 584288
584384 591154
591232 591485
591601 592029
592120 604876
605000 605787
606090 614313
614716 615246
615441 615619
617270 625117
625337 625884
628332 631407
631721 632127
632296 633024
633222 637270
637467 644455
644530 647133
647276 648209
648284 649728
649958 652548
652680 654494
655843 666186
666337 668081
668654 668976
669379 669816
670677 673017
674809 674858
675407 675664
676138 678667
679932 680065
680227 680335
681096 684073
684209 684736
684827 685097
685660 685968
686705 686763
687385 687752
687912 688180
690420 690663
690837 694996
695586 704210
Tb927_11_Homologues_1_v5.1
1 1952
Tb927_11_Homologues_2_v5.1
1 1546
Tb927_11_Homologues_3_v5.1
1 942
2098 2463
2652 3506
4502 10142
10395 12414
13491 20408
11L3_v3
1 63482
5K5_v5.1
1 36748
60721 60863
62209 73263
73503 73648
73735 74547
74616 75323
75554 75980
76292 76602
77770 78087
79079 80023
85197 93967
94913 95323
95384 95726
95925 96259
101010 101454
102196 102767
104739 108471
114395 115253
118647 119024
122322 122755
122911 123142
125800 126083
126158 132747
133079 137863
138261 138402
139031 139144
140772 141101
141310 141380
144281 144389
144692 144792
145494 145603
146234 146630
146776 146852
148402 148519
148631 148701
153275 153735
GTRYP_4071_4094_1a01.w2k4071
1 5526
5825 7547
7961 8503
8569 8761
8855 11202
11347 11443
11545 18466
TP26M21_2a10.p1k
1 306
12964 14933
15317 15850
16055 26841
27461 28717
29029 39798
TP26P4_1a02.q1ka
1 1074
1800 6745
7517 9790
13222 16439
TP26P4_3b07.q1k
1 4971
5317 7803
8099 8285
8378 9542
9979 10927
11023 11157
11250 12824
13544 14515
15750 17120
17192 23529
24063 24242
25248 25498
25631 26105
26220 26360
27460 27619
31911 32089
36273 36436
41765 42200
42389 42477
43989 44770
44976 45262
45882 46033
47441 47651
48303 48462
50659 51037
53156 56260
TP26P4_5g04.p1k
1 7984
8077 9475
9745 11880
12134 13037
TP26P4_6c09.p1k
1 3991
4098 4494
4820 4958
5555 5637
6760 7435
8031 9455
10236 13642
13985 14194
14857 15443
16041 16240
16848 17002
17572 19078
19170 20979
21890 24078
24674 25080
TP29O12a_1b01.p1k
1 5302
5471 8172
8259 8567
8791 10466
10584 16276
16501 19069
19146 19585
19689 19781
20576 23348
23449 24068
24208 29117
TP3F6_6f06.p1k
1 26266
TP3F6_6h01.p1k
7 4404
4630 13990
TPB1C9_1a08.q1k
1 858
3463 11334
Tb927_11_bin_v5.1
1 7532
7785 7840
8076 16394
17184 17500
17572 17980
18758 19044
19333 20989
21524 21664
21824 23414
23771 24336
24942 26249
27435 28768
29040 33598
34593 34959
35154 36283
37451 38228
38756 38871
39281 39331
39467 40559
41858 44279
44506 47619
49629 56228
57157 57406
57830 58521
61550 67544
68434 69318
69800 73195
73290 73749
76354 77085
77408 81792
81910 85437
85817 88376
88472 89289
89529 92355
92918 93017
93968 95335
95509 95899
96079 97717
97840 101628
102709 102816
103148 105066
105315 106311
106480 107567
110121 110294
110822 111385
111509 112129
112204 112491
114009 114816
115817 115905
119198 119425
119550 120843
122543 123528
124427 125767
125845 127047
127576 128955
129131 129214
129351 129472
129573 225212
226118 258201
258302 258839
259595 325825
325926 342397
362823 370594
370804 371898
372046 374024
374561 374645
374968 375512
381173 386301
387401 388470
388571 419371
422516 429227
429329 429593
437966 440739
440951 445852
445953 446749
446751 511440
511541 538024
538026 540729
540830 569601
569702 596376
596477 597267
601207 605558
616670 617673
617762 619987
620890 621022
621123 645882
645983 669405
669506 692921
693022 697380
699400 699540
699631 699822
701498 701747
702189 704095
704268 705873
706074 710370
710442 710932
711003 714842
714908 714975
715076 729583
729731 732913
733014 735317
735486 735547
735651 736294
736608 738867
741222 742722
742931 744452
744682 747814
747992 750095
750759 763041
763142 770614
770616 780313
780726 781375
781519 786096
786918 793478
793579 799793
800205 806249
806251 809720
809964 810070
810240 810517
810615 812520
815025 816232
816773 819046
819147 831451
831453 831673
831879 844396
844497 844553
844769 846792
847010 847729
848488 851329
853378 853937
855284 855640
855842 856133
856234 871118
871454 871770
871886 877128
877229 898987
899088 909185
909286 911459
911494 911585
912234 914216
914998 915349
915627 916777
916981 917566
917704 919515
919616 923382
923549 923710
923808 924268
924353 927857
928048 928616
928874 928967
929079 929212
929297 929761
929862 932460
933358 934364
934917 939372
939473 940315
941154 941959
941961 949216
949317 956784
956786 958688
958789 961360
961385 962601
962603 968285
968386 973867
973869 976351
976396 977622
977723 987006
987107 996467
996568 997689
997843 1005484
1005585 1014424
1014525 1019749
1020344 1023667
1023768 1032684
1032785 1036515
1036536 1039563
1039565 1041600
1041701 1044068
1044070 1044365
1044372 1050392
1050493 1063564
1063566 1065808
1065929 1067790
1067891 1071698
1071769 1076526
1076627 1076833
1076835 1085008
1085109 1091639
1091740 1091910
1094155 1100103
1100204 1108393
1108494 1109807
1111291 1116547
1116648 1120969
1121145 1124725
1124826 1132949
1133050 1141100
1141201 1143462
1143472 1148889
1148990 1153894
1153908 1156507
1156608 1160009
1160163 1160451
1160527 1164159
1164260 1171899
1172000 1179533
1179535 1184860
1184901 1187006
1187418 1187856
1187858 1194494
1194595 1202028
1202129 1209394
1209495 1215639
1215924 1216105
1216134 1216886
1216987 1217339
1217360 1219701
1219909 1220062
1220133 1220318
1220446 1224614
1225356 1251448
1253121 1258477
1258567 1258901
1258903 1269450
1269640 1269709
1269935 1274400
1274402 1278946
1279100 1290861
1290863 1293380
1293382 1307238
1307240 1320870
1321090 1322348
1322505 1337001
1337150 1339361
1339363 1386706
1389373 1390466
1390552 1391659
1391661 1400652
1400917 1402126
1402128 1404825
1404893 1405568
1405570 1406377
1406462 1417191
1417193 1425646
1426258 1446567
1446791 1449798
1449879 1452204
1453256 1464760
1464964 1471164
1471392 1471887
1471889 1473245
1473385 1476393
1476396 1476486
1476519 1482667
1482759 1484587
1484589 1485581
1485583 1488424
1488539 1488628
1488868 1489232
1489480 1490209
1490624 1492382
1492464 1544981
1545082 1550567
1550571 1556958
1557483 1568575
1571211 1571915
1571920 1573464
1573466 1582707
1582977 1583120
1583999 1584085
1584458 1585875
1587099 1587515
1587729 1587839
1587842 1608779
1608794 1609268
1609794 1612837
1612839 1614074
1614076 1627843
1627845 1639526
1639528 1644175
1644177 1650151
1650163 1683730
1683748 1690522
1690930 1693092
1693094 1696384
1696386 1700892
1700894 1712439
1712441 1713513
1713589 1713688
1714726 1722027
1722029 1732211
1732213 1753324
1753967 1756207
1756228 1764437
1764451 1778324
1778326 1778391
1778393 1787650
1788410 1795528
1795537 1796794
1796796 1809381
1809746 1811390
1811392 1812266
1812374 1823674
1823676 1842504
1843849 1844149
1844846 1852597
1852599 1852948
1852950 1858601
1858632 1858875
1859385 1861055
1861723 1871954
1871982 1876997
1877755 1892945
1892948 1893004
1893006 1904516
1905236 1915466
1915637 1916083
1916579 1918788
1919462 1924514
1924516 1924600
1924602 1932561
1933040 1934505
1934578 1935351
1935450 1939574
1939640 1949390
1949392 1983374
1983910 1984635
1985389 1988223
1988225 1991067
1991070 1997858
1997860 2010203
2010205 2011654
2011656 2019843
2020884 2032598
2034048 2052192
2052225 2052494
2052496 2053900
2054560 2054754
2054853 2054927
2055590 2060210
2060220 2060951
2060962 2064556
2064631 2081310
2081478 2082593
2083940 2089545
2089772 2103935
2103943 2110848
2111080 2111175
2111566 2117345
2117743 2117885
2118020 2123015
2123044 2123636
2123638 2132002
2132079 2138983
2138985 2139094
2141262 2141674
2141790 2157235
2157237 2158653
2159608 2166731
2167653 2169951
2169953 2170099
2170101 2170742
2171963 2172130
2172414 2172597
2172887 2173393
2173528 2174663
2174665 2175557
2175559 2184368
2185250 2187845
2188572 2189551
2189553 2194553
2194555 2212365
2212742 2220632
2220710 2231033
2231035 2247156
2247159 2258359
2258379 2264753
2264755 2269629
2269631 2278208
2278428 2278524
2278741 2280034
2280106 2282725
2282727 2291913
2291915 2291970
2291972 2301591
2301593 2306917
2306921 2332530
2332532 2344856
2344859 2362205
2362208 2362822
2364014 2375563
2375752 2382838
2382840 2396931
2396933 2397020
2397022 2405004
2405006 2428835
2428837 2434204
2434721 2434798
2435322 2435622
2435971 2439278
2439280 2439368
2439370 2446983
2448021 2450033
2450035 2455384
2456074 2456285
2456762 2457045
2457047 2468613
2468688 2469102
2469177 2471698
2472124 2488469
2488502 2491799
2492024 2495006
2495016 2502239
2502241 2502297
2502337 2502501
2502548 2510730
2510732 2519531
2519617 2519681
2519683 2523692
2523694 2524646
2524718 2525072
2525152 2529261
2529917 2532192
2533106 2533538
2533540 2539553
2539555 2539757
2539759 2540499
2540620 2540675
2541221 2550783
2550785 2569423
2569425 2573212
2574131 2576064
2576171 2582636
2582638 2587841
2588761 2612646
2612661 2612711
2612725 2635450
2635566 2650844
2650846 2661670
2661718 2663026
2663028 2663079
2663081 2668082
2668257 2671580
2671858 2672102
2672178 2672296
2672298 2684001
2684075 2684190
2684192 2686593
2686595 2694071
2694610 2699600
2699602 2706973
2706975 2707696
2707815 2712268
2712276 2712344
2712409 2746658
2746784 2747260
2747262 2747398
2747435 2750584
2750607 2750690
2750762 2751544
2753746 2755466
2755468 2755521
2755523 2788936
2789024 2798899
2799059 2799796
2799827 2801422
2801615 2801734
2801992 2802058
2802898 2802961
2803044 2803153
2803501 2806929
2806931 2812620
2812725 2819615
2819722 2836951
2836981 2845995
2846649 2859329
2859331 2863981
2863983 2869751
2870388 2872034
2872583 2873428
2873940 2875962
2876008 2881072
2881158 2883541
2883578 2896466
2896468 2913565
2913578 2922453
2922455 2923057
2923081 2941957
2941959 2947039
2947041 2947891
2947893 2948970
2951177 2951615
2951822 2952240
2952242 2961348
2961952 2962447
2962638 2966174
2966470 2966729
2967809 2968951
2968953 2969050
2969052 2969122
2969155 2978762
2978765 2978945
2978947 2981482
2982657 2987013
2987221 2987597
2989442 2989666
2989790 2990164
2990166 2990235
2990237 3003070
3003385 3007208
3007210 3008167
3008169 3008881
3009994 3015898
3015962 3024477
3024513 3038842
3038920 3041189
3041191 3042588
3042590 3042718
3042720 3044654
3044656 3044814
3044972 3070793
3070795 3073246
3073272 3077627
3078131 3090301
3090659 3090769
3093138 3098272
3098274 3115624
3115705 3116559
3117383 3117503
3117737 3118241
3118243 3125177
3125249 3133300
3133435 3142355
3142357 3148103
3148135 3152280
3152434 3152498
3154031 3154866
3157897 3168843
3168845 3169028
3169037 3192231
3192527 3194809
3195362 3195688
3196356 3213582
3213586 3225698
3225716 3233042
3234937 3236836
3237040 3237092
3237121 3241129
3241131 3249408
3249970 3252046
3252048 3257300
3257520 3257592
3257610 3264626
3264781 3268514
3268516 3284803
3284805 3284990
3284992 3285099
3285101 3290946
3290948 3295620
3295656 3296162
3297147 3298404
3298406 3317103
3317105 3318266
3318441 3318600
3318813 3322358
3322360 3322409
3322411 3322461
3322463 3322523
3322537 3325128
3325149 3330832
3330934 3331077
3331145 3333184
3333186 3335826
3335828 3338037
3338295 3345539
3345541 3354182
3356850 3358180
3358182 3358507
3358583 3363365
3363490 3378073
3378077 3383829
3383831 3393825
3393828 3395462
3395464 3396394
3396457 3409052
3409154 3410992
3411033 3411162
3411164 3411308
3411349 3414901
3414903 3416678
3416680 3417882
3419006 3425306
3425309 3427532
3427534 3429104
3429106 3429170
3429172 3440780
3440782 3440867
3440869 3442556
3442558 3463075
3463285 3463516
3463718 3468325
3468327 3468385
3468422 3469230
3469257 3469365
3469367 3470427
3470429 3474851
3475431 3476077
3476180 3482212
3482214 3484800
3485284 3490680
3490988 3491154
3492491 3495797
3495799 3500051
3500053 3501476
3501478 3503784
3504019 3515170
3515172 3517050
3517052 3520403
3520405 3525499
3525536 3525662
3525681 3525732
3525744 3530821
3530849 3531619
3531621 3539220
3540924 3553748
3553822 3556278
3556282 3556349
3556373 3558983
3559600 3561139
3561158 3561385
3561387 3564548
3564550 3567140
3567218 3567290
3567292 3567849
3568009 3569353
3569355 3569441
3569464 3571556
3571558 3574805
3574933 3576093
3576504 3580965
3581483 3582420
3582422 3591584
3591621 3591680
3591781 3601963
3602026 3605067
3605069 3606865
3606867 3608282
3608402 3628952
3629138 3630518
3630771 3641752
3641760 3654164
3654166 3655043
3655045 3674025
3674027 3674096
3674098 3678163
3678165 3678317
3678869 3680373
3680550 3685006
3685282 3685824
3686245 3691221
3691223 3698954
3698956 3699399
3699401 3700917
3700997 3701066
3701068 3703589
3705910 3706391
3706462 3708041
3708116 3711768
3711886 3712120
3712820 3715551
3715553 3716218
3716277 3718564
3718566 3720568
3720570 3734337
3734339 3735180
3735252 3742990
3742992 3745601
3745603 3747851
3748099 3748177
3749338 3749804
3749806 3753751
3753753 3756194
3756197 3759247
3759292 3764094
3764097 3764148
3764150 3767301
3767303 3769755
3769833 3771265
3771343 3776173
3777742 3778020
3778574 3779902
3780445 3780720
3780722 3780777
3780779 3787803
3787805 3787874
3787876 3788088
3788195 3790772
3790774 3794808
3794885 3794938
3794940 3797769
3797799 3804855
3804857 3841906
3842775 3859028
3859041 3859093
3859127 3859262
3859264 3865631
3865633 3867312
3867314 3869248
3870101 3873429
3873439 3876588
3876590 3879369
3879371 3880906
3881275 3893718
3893720 3894400
3894402 3906979
3906981 3908431
3908434 3908762
3908852 3908904
3909009 3909068
3909665 3909753
3909912 3910050
3910349 3929218
3929220 3932415
3932484 3933882
3934447 3934580
3934582 3936696
3936797 3943049
3943051 3947036
3947038 3948665
3948713 3948806
3948816 3950826
3950925 3952336
3952439 3959354
3959398 3965372
3965374 3966896
3968511 3970917
3970923 3978025
3978065 3980129
3980131 3996237
3996239 4013297
4013611 4015220
4015262 4030176
4030202 4035122
4035164 4035964
4035966 4036204
4036206 4036304
4036306 4048536
4048538 4055887
4055889 4056188
4056713 4071432
4071437 4082665
4082667 4089150
4089281 4093240
4093242 4093291
4093996 4094607
4096231 4097821
4098138 4102304
4102306 4103895
4103897 4104046
4104048 4109372
4109374 4110536
4110552 4111886
4111888 4115871
4116294 4116501
4116503 4122371
4122373 4123125
4123129 4126176
4126178 4126729
4126885 4127580
4127582 4131621
4131623 4131673
4131693 4135004
4135006 4135232
4135234 4139078
4139080 4139908
4139910 4146453
4146693 4148363
4148365 4150084
4151106 4161390
4161620 4161904
4162038 4162602
4163133 4165464
4165466 4170524
4170526 4171181
4171339 4171538
4171766 4171827
4171894 4179703
4179737 4202423
4202425 4203506
4203508 4214630
4214716 4215078
4215159 4215689
4215814 4219998
4220000 4220203
4220205 4224531
4224555 4226913
4226921 4228937
4228941 4243149
4243247 4243569
4243692 4254146
4254148 4255349
4255527 4261212
4261214 4261325
4261327 4263575
4263577 4273367
4273369 4285129
4287286 4288923
4288925 4289427
4289429 4298517
4299948 4303123
4304328 4305250
4305252 4305477
4305479 4305616
4305618 4315197
4315931 4327873
4327875 4328742
4330004 4333990
4333992 4335479
4335746 4349160
4349162 4354132
4354134 4354259
4354261 4354966
4355044 4357770
4357772 4360849
4360851 4365512
4365514 4366203
4366205 4367755
4367757 4373308
4373310 4378811
4378889 4382835
4383232 4385183
4385198 4391651
4391653 4392152
4392220 4394122
4394124 4412538
4412540 4412630
4412748 4414842
4416931 4420993
4420995 4429418
4429521 4437639
4437641 4437712
4437714 4462759
4462761 4463791
4463879 4464075
4464280 4465963
4466150 4478312
4478316 4479296
4479299 4481558
4482154 4486058
4486060 4486462
4486464 4501601
4501603 4502489
4502582 4515904
4516454 4524875
4524878 4526796
4526798 4526875
4526877 4537226
4539289 4541317
4541319 4543312
4543314 4547253
4547353 4551516
4551585 4553629
4553657 4555858
4555873 4559117
4559119 4574059
4576034 4598337
4598339 4600285
4600287 4605471
4605474 4606394
4606396 4610538
4611565 4611672
4611741 4611906
4612421 4617647
4617666 4618477
4618489 4620688
4620813 4620892
4621075 4621431
4621530 4621865
4621955 4622086
4622307 4622365
4622444 4630923
4630925 4632912
4633748 4649566
4650068 4653841
4653843 4666976
4666978 4670753
4670755 4675383
4675491 4686797
4687488 4688216
4688766 4692627
4692629 4696664
4696666 4699586
4699588 4701336
4701338 4701622
4701624 4701788
4701831 4712535
4712537 4720249
4720251 4721681
4721781 4722888
4723930 4724125
4724618 4726722
4727237 4728845
4730571 4732176
4732299 4741647
4741718 4741797
4741864 4742172
4742239 4743578
4749804 4750260
4758142 4758233
4759452 4760341
4760444 4760512
4774909 4775269
4780500 4781970
4783671 4784383
4784788 4784965
4786238 4786584
4788384 4788636
4790211 4790788
4792189 4793866
4794127 4794178
4794264 4794417
4795146 4795255
4795348 4795805
4796241 4798370
4798707 4798937
4801572 4801629
4803242 4804112
4805758 4807975
4808529 4809467
4809773 4811914
4812053 4812847
4813377 4813570
4814285 4814342
4814789 4819063
4819140 4822735
4823946 4824401
4825084 4825389
4826159 4832349
4832667 4837997
4838081 4843534
4844334 4850389
4851403 4851863
4853056 4853122
4853206 4854592
4855288 4855886
4856244 4860289
4860782 4862432
4866037 4868336
4868450 4872780
4872909 4873211
4874559 4874988
4875932 4878989
4879588 4881434
4881661 4881936
4884309 4889862
4890363 4901166
4901739 4908402
4910459 4967355
4967546 4969890
4970661 4971403
4975548 4976061
4976169 4977511
4977624 4978150
4979687 4979934
4988738 4991899
4996186 4996278
4996625 5000165
5000392 5001767
5002254 5005702
5005704 5008339
5008367 5046312
5046528 5051637
5051985 5052415
5052995 5058168
5058729 5062618
5063013 5063228
5064906 5065172
5065327 5065545
5065719 5067121
5067199 5123208
5123210 5146443
5147571 5148006
5148082 5154035
5154298 5154952
5155102 5156170
5156293 5159576
5159928 5165024
5165026 5197071
5197073 5246904
5247049 5261548
5261628 5270444
5270446 5272006
5272031 5272087
5272148 5278065
5278286 5278735
5278868 5280578
5280606 5283476
5283483 5285858
5290957 5315963
5315965 5326917
5327678 5328109
5328653 5333065
5333194 5337058
5337153 5346467
5346559 5347154
5347502 5354155
5354578 5358505
5358507 5358852
5359128 5359206
5360969 5375876
5376183 5380540
5380621 5381302
5381412 5383266
5384155 5384547
5384549 5389440
5389442 5402268
5402270 5404124
5404126 5408722
5408724 5408791
5408886 5409672
5409674 5409875
5409891 5409946
5409949 5410283
5410910 5411633
5412150 5413186
5413843 5416223
5416234 5418122
5418403 5423797
5424119 5424323
5424436 5429291
5429293 5435590
5435619 5436404
5436646 5436819
5436885 5436964
5437053 5437391
5437499 5438087
5438154 5439935
5440123 5457035
5457117 5459343
5459345 5459397
5459399 5471017
5471029 5471965
5472395 5477381
5477383 5477667
5478269 5485909
5485911 5486006
5486672 5486854
5487254 5487383
5488301 5497121
5497685 5499888
5499890 5511131
5511528 5516346
5516348 5524007
5524009 5524080
5524082 5524210
5524212 5526599
5526601 5526685
5526721 5526912
5526917 5536515
5537230 5550391
5552265 5553181
5553426 5554043
5554217 5555294
5555428 5574622
5576111 5581213
5581518 5582317
5582319 5582385
5582387 5582790
5583131 5584756
5584758 5585835
5585915 5586391
5586558 5586621
5586718 5586772
5586947 5587039
5587458 5595579
5596182 5598354
Tbrucei.chr8.100
1 3297
3864 4617
5360 8960
9461 9592
10180 10780
11367 14416
15025 15294
15821 19523
21262 24018
24570 30886
30973 33156
33516 36720
37084 38542
38787 40033
40329 41073
41534 43563
43670 47956
49074 50175
50963 51360
51918 53368
53807 54905
55899 57546
57783 58550
58797 58855
59488 60571
61047 61471
61891 62134
62237 62623
62689 62886
62991 63396
65490 66215
66302 68813
69238 69426
69766 70628
71115 71507
73485 73593
74546 74766
74861 79636
79946 80782
81324 81524
82629 82916
83453 84404
84690 84801
85103 88221
88819 88912
88985 89135
89326 89532
89614 90559
92278 92472
92867 94943
95024 95618
95828 97938
98016 98880
99080 99413
100146 101688
103195 104425
104870 105247
106731 106830
107055 107371
107492 108377
109771 110984
111141 112399
112503 113337
113434 114008
114359 115276
115749 116583
117323 119304
119457 122199
123797 126095
126218 130492
133651 135745
136150 137044
137875 139266
139801 139976
140090 142759
143152 143354
143450 144263
144367 145069
Tp_ends_39g01.p1k
1 14693
Tp_ends_40b06.q1k
1060 1202
2682 3043
4048 4225
5494 8278
8410 11489
14458 14708
tryp_IXa_16h03.q1c
1 11697
tryp_IXb_1c10.p1c
1 1022
1158 1757
2077 2156
2249 2717
2883 3851
4980 6142
6989 7359
9652 12748
12893 13314
14495 14840
16543 17644
tryp_IXb_217g08.q1c
1 2222
2376 7246
9059 9161
14913 15170
15328 15425
15609 15691
16317 16662
16986 17092
17158 17489
17631 17782
18055 18155
18325 18656
18757 18827
19007 19074
19235 21401
21538 24785
24869 25147
25371 35055
35305 39147
39898 55738
55833 56181
58815 59578
60006 61519
61597 63140
63285 66376
66521 66600
66919 67716
67860 67988
68142 69283
69376 70865
71048 75013
tryp_IXb_218d07.p1c
1 5665
5841 22041
25887 30438
30624 45036
46297 59092
60788 65177
66101 84147
87013 87607
89779 95687
96688 96832
97070 98683
98852 100789
101050 104094
105477 107548
107856 111803
112134 115388
115517 118477
122310 122898
124378 131676
131836 132754
135377 155033
156967 157070
158571 161368
161509 161821
161998 163585
163941 164623
164877 165274
166331 166789
167018 167887
167978 168281
168371 169127
170135 171756
171917 173925
174416 176821
178030 178587
179058 180725
180984 182312
182379 183101
184521 191314
191387 195649
196984 197619
203530 209141
209780 212660
215220 217976
tryp_IXb_247f12.p1c
1 8672
8792 13252
tryp_IXb_277d03.p1c
1 12560
13488 13947
tryp_IXb_314f06.q1c
1 1682
2007 2820
4320 4695
6056 6456
6938 7981
8211 9307
10527 12828
13412 13475
13821 13981
15894 16480
16556 17843
18642 20357
20803 22905
22999 24042
24131 27405
27671 30465
tryp_IXb_43g07.q1c
1 237
1145 14356
14685 15683
tryp_IXb_68a05.p2k3050
1 5475
5635 5826
5917 19346
20371 20743
21058 21269
22653 23968
24423 33450
34125 42197
42312 44766
45046 59211
59315 59953
60090 60483
60724 61314
61496 61903
62008 62450
62727 64103
64749 66423
66536 66589
66701 67043
67150 69232
tryp_IXb_6d06.q1c
1 6947
7926 10228
tryp_IXb_6g03.q1c
1 1467
1582 6992
7365 7885
8940 11925
11991 12929
13049 16602
16932 24753
25544 26972
27041 27494
27703 28938
29029 29252
29668 29839
30329 31383
31461 33112
33178 33378
33648 40856
tryp_IXb_73h01.q1c
1 21800
21972 22135
22574 22781
23012 23527
24102 25690
25796 36763
tryp_IXb_86g11.p1c
1 4389
4611 4661
4749 4828
4915 6453
6728 7034
7232 7319
7504 13321
13388 13470
13547 13783
tryp_IXb_93a04.p1c
1 6286
6856 7041
7423 10049
10242 17869
17967 24248
tryp_IXb_98e04.q1c
1 11041
tryp_X_106b08.p1c
1 12960
tryp_X_149c07.p1c
543 701
1034 1193
9018 10002
tryp_X_149e07.q1c
1 12369
tryp_X_155h05.q1c
1 5509
5662 6806
6955 7681
8647 9020
9409 9540
9743 9926
10148 10267
10435 10516
11182 11597
12082 12214
12558 13024
13974 14108
15092 15477
17163 17329
17612 17776
tryp_X_174f04.q1c
1 9550
9663 22093
22221 22661
tryp_X_179b07.p1c
1 86
88 4881
4980 8228
8586 11246
11774 19430
tryp_X_188b09.p2kB601
1 520
710 819
933 2262
2573 3394
3396 5046
5249 5360
6537 7296
11155 11413
11558 12044
12233 12380
12921 14373
14558 14802
15447 17617
18092 22059
22157 22265
22382 23962
24126 26029
tryp_X_206a03.p1c
1 106
291 4840
22618 22723
23947 24892
tryp_X_220a01.q1c
1 205
736 7066
9654 11670
12093 16021
16164 16633
16734 25370
25721 30470
36244 36316
tryp_X_232f09.q1c
205 394
1208 1605
1733 3728
3900 4417
4616 7360
7761 9056
9183 9744
11515 12467
tryp_X_254c10.q1c
1 1976
2065 5611
6249 7337
7643 7740
7978 13950
14339 15095
15799 16836
17292 22856
24202 25009
25375 27137
27503 27590
28089 29712
30651 32630
32831 33536
33733 34441
34562 37807
38402 38802
39661 43683
43813 43876
44146 44489
45059 45471
45965 46057
46389 47765
55579 55800
55880 56445
57069 57273
60141 61185
tryp_X_264e11.p1c
1 11160
tryp_X_275g09.p1c
1 10245
tryp_X_276b11.q1c
734 1551
5971 6218
7690 7803
8219 8905
10291 10665
11030 13330
14861 15207
16119 16637
17289 17591
17676 18299
19601 19807
22213 22452
25791 26339
27233 27374
27478 27805
28032 28280
28744 29800
30174 30514
30618 31122
tryp_X_284f09.p1c
1 42529
tryp_X_302f11.q1ca
1 27720
28122 28312
29253 29381
33150 34721
35162 35325
35403 35502
35569 35753
39421 39937
43752 44124
44308 44671
45222 45385
46367 46634
48945 49303
49871 51863
52856 53002
53861 53966
54120 54286
54505 55772
56533 57047
57129 57302
57372 57760
57854 58113
58720 60037
60903 61658
62764 62829
62920 63030
64670 64779
tryp_X_313e04.q2kB520
15 3663
3804 4387
4515 4933
5032 5996
6210 7750
7878 9690
9768 14113
14115 14801
14892 16884
16886 16976
tryp_X_324h11.p1k
1 813
1059 1175
1348 1659
2104 2342
3065 3340
3431 4111
4245 4873
6053 6700
7224 7931
8191 8249
14749 14882
15229 15676
15750 15887
16618 16761
16837 17124
20709 21266
21855 22199
27678 28010
30088 30160
30914 30984
31687 32885
33643 33796
34439 34974
39755 40106
41505 41788
51168 51924
60312 60798
60877 61104
61765 61856
62019 62069
65426 65611
65704 66016
66360 66544
67490 67638
67871 69078
71990 72452
75246 76795
88078 88329
tryp_X_333c11.p1c
1 668
670 32628
tryp_X_36a02.p1c
1 164
1148 2373
2452 4810
5320 5455
5821 6513
6696 8522
8609 8816
9698 10323
10474 11782
11997 12882
12970 13373
13623 15758
tryp_X_423d07.p2kB114
1 512
1027 1675
2143 2906
4985 5449
5774 5918
7349 16506
tryp_X_432f03.p2kB42
1 13395
13473 15352
tryp_X_448g06.q1c
1 663
665 2632
2634 3878
3953 4252
4254 5817
5819 10337
17415 17536
17822 19485
24686 27284
27331 28045
28084 31562
31682 33393
33504 34543
34681 37846
37941 40226
40297 44229
45868 46568
tryp_X_46d09.q1c
1 2977
4247 5433
5765 6253
6552 6616
6894 7680
7871 9200
14786 14877
tryp_X_48f04.q1c
1 1020
1086 2225
2603 3214
3283 3368
3442 3687
4282 4447
4550 4745
4947 5196
5865 6194
6272 10551
10833 12107
tryp_X_50f09.p2kB193
1 1289
2291 13414
13620 13865
14311 15431
15639 18004
18074 20605
20713 29433
29821 33761
tryp_X_54d09.q1c
1 2627
2767 15178
tryp_X_68d04.q1c
1 2421
6164 16576
tryp_X_76f06.p1c
707 942
1589 2157
2306 2871
2963 4639
4873 5024
6168 6370
8005 9161
9627 9945
10801 10867
10996 11951
24261 24357
27435 27563
28868 29228
33980 38984
42709 49467
tryp_XI_1007b07.p1k
1 6750
6968 8954
9039 10284
tryp_XI_1007c06.p1k
1 10475
11504 11628
tryp_XI_1011b06.p1k
1 16074
tryp_XI_1026a03.q1k
1 2141
2143 15855
tryp_XI_1032b03.p2k737
1 3057
3352 3778
4489 4762
4902 5534
6070 7289
7448 21179
23814 24145
25758 26517
26879 27206
27514 28055
28315 28707
29055 30661
tryp_XI_1032h01.q1k
1 4957
5063 16711
19166 35073
35240 40317
tryp_XI_1036e06.p1k
1 12183
12702 12784
13049 26120
26463 35719
tryp_XI_1056c09.q1k
1 20378
tryp_XI_1079d10.p1k
1 6059
6209 9120
9260 9403
9949 11344
11549 12108
tryp_XI_1084b11.p1k
1 413
543 13525
tryp_XI_1094c12.q2k740
37 106
153 12271
tryp_XI_1113h05.p1k
1 2685
3155 5638
5716 5964
6281 13729
13938 16832
16834 18544
18546 19136
tryp_XI_1126c12.p1k
1 7704
7777 10716
11180 12291
tryp_XI_1130e12.q1k
356 1350
1932 2967
4463 6970
7062 7216
7369 12585
13459 18674
18676 18842
18861 18935
18937 19025
19088 19338
tryp_XI_1133d10.q1k
1 3029
3758 5464
5555 7682
7804 8731
8921 11635
11722 17783
tryp_XI_1138e03.p1k
1 13223
tryp_XI_1144a03.p1k
1 18242
tryp_XI_1150d08.q1k
1 21727
tryp_XI_1152c10.p2kA602
1 4446
4739 7011
7476 10139
10211 10845
10987 11129
11971 13544
tryp_XI_139f04.p1c
1 9460
10042 10422
10605 11080
tryp_XI_147f01.q1ca
1 12916
tryp_XI_256a10.p1c
1 3270
3349 14750
14826 15173
15281 21152
tryp_XI_266b02.p1c
1 1453
2061 2200
2335 2978
3859 4344
6264 7174
7267 7446
7790 8097
8187 10023
10477 11807
12057 12330
tryp_XI_270f07.q2k6013
1 975
1277 2605
4812 5236
5730 7045
7118 7177
7358 8796
9570 14898
tryp_XI_285a11.p1c
1 7089
7091 11608
tryp_XI_311f03.p2k913w
1 1536
1684 1785
5102 7664
8026 8404
8652 8857
8989 11389
tryp_XI_314d08.p1ka
504 854
1149 1591
1809 2238
2331 8561
10192 11111
tryp_XI_321e04.q2k4065
1 5163
5273 7055
8134 8264
8902 11622
tryp_XI_339b02.q2k2024
49 1632
1804 3542
3787 4163
4240 4483
10166 11782
tryp_XI_361h08.q1k
1 3682
4056 10695
11285 15471
tryp_XI_374h12.q2kA203
1 4786
5027 10751
10822 17417
tryp_XI_390c04.p2kA614
1 196
198 289
291 13811
tryp_XI_396e01.q2k3025
1 15346
tryp_XI_425g10.p1k
1 353
1309 7303
7816 12525
12682 15011
tryp_XI_431h02.p1k
1 4087
4089 17866
17956 18464
tryp_XI_467d06.p1k
1 18089
tryp_XI_476g10.q2k4126
1 17549
17551 21187
tryp_XI_833h02.p1k
1 7026
7538 9079
9684 11873
12287 15929
tryp_XI_862d07.q2kd7148
1 10696
10784 15059
tryp_XI_872c11.p1k
1 61
98 4484
4589 12873
12875 14115
tryp_XI_881g06.q2k5028
1 980
1178 6758
6878 10967
11089 14168
14997 15394
15987 18920
tryp_XI_884a07.p1k
1 17182
tryp_XI_887c11.p1k
1 16187
tryp_XI_891h01.q1k
1 14799
15112 20748
tryp_XI_899c04.q1k
1 656
4377 7098
10091 19376
19500 19884
20155 26578
tryp_XI_905b11.p1k
1 15392
tryp_XI_925b07.q1k
1 11870
tryp_XI_944g01.q1k
1 844
885 10348
10376 11830
tryp_XI_944h10.q1k
1 151
153 2016
2668 4856
5953 6748
6823 7301
7777 9295
9859 10361
10479 10704
11995 12347
12803 13835
13996 17154
17247 17437
17692 18365
tryp_XI_967a04.q1k
1 25825
tryp_XI_974h12.q1k
1 14452
tryp_XI_976e03.p2kA567
1 619
860 1793
1935 2429
2512 2772
2916 3325
3693 3959
4627 4721
4956 5719
6513 10093
10404 10991
11193 12490
12492 12566
12568 12646
12648 13968
13970 17608
tryp_XI_983f02.p1k
1 3277
3284 6936
6938 8778
8888 13224
tryp_XI_989c01.p1k
1 6405
6407 6614
6616 11722
tryp_XI_994c05.p2k850
1 7642
7792 7906
8034 8461
8549 12447
