Tb927_01_v5.1
1 2213
3043 4723
4952 5096
5197 5304
5378 5537
5714 5771
5875 6014
6088 7550
7684 10362
11519 39472
39602 40385
40732 40828
41857 43189
43729 43940
44684 46408
48006 48164
48439 48585
48834 50538
50695 52276
52857 59071
59413 60749
61622 63297
63631 67551
67805 68338
68423 71825
71968 72173
72637 75005
75083 78004
78140 82739
82845 83088
83593 83873
84369 84554
84656 85030
85221 86334
86994 87978
88230 88439
88624 92135
92223 98581
98695 102799
103013 103209
103576 103678
103921 106068
106362 112196
113034 115956
117192 122515
122700 127797
134397 134474
134590 135266
135798 143227
144081 145075
145797 151211
151285 151749
152344 154443
156403 160521
160746 172631
173613 175208
175469 177034
177595 178186
178873 179690
180097 185519
187323 190110
191405 194369
194603 196704
198662 198786
199425 200511
223586 225398
232561 233244
234259 235022
244475 244897
284931 286050
311591 311906
327484 327728
417890 418558
442878 462123
467736 467836
523576 524281
531750 531953
546168 546220
547033 547093
547326 547455
547667 547721
548505 548586
548749 548851
549453 549526
549788 549968
550047 550098
571861 582709
584811 586089
586703 587494
587575 588989
589157 589850
589925 590384
590551 590764
592298 596979
597827 599417
600041 603131
616129 616182
637454 638942
643850 651850
689175 689406
741439 741574
741791 741846
741951 742059
742487 742634
742717 742821
742899 742957
743046 743214
743328 743384
743501 743557
743921 743985
744231 744318
744786 744891
744975 745043
745589 745717
745908 745957
746464 746545
747135 747205
747352 747509
747622 747676
747822 747921
748010 748071
748935 748993
749630 749685
749822 749918
750150 750255
750472 750559
750665 750786
750867 750957
751067 751331
771201 775956
780391 785476
785547 790356
790925 791693
792001 792317
792591 798135
798823 810957
849640 849697
867707 867887
888489 889302
939800 940236
941852 949040
949632 954754
955370 955806
958980 959055
959272 959333
959436 959491
959896 959958
960123 960462
961331 961618
967960 968363
988877 992516
992646 993408
994228 994384
994728 996063
997101 997285
998367 998549
1000317 1000619
1003638 1003861
1004958 1005538
1010799 1011072
1011171 1011635
1013936 1014012
1014286 1014629
1015078 1015687
1017044 1017982
1018584 1018969
1019661 1019818
1019907 1019978
1020807 1021622
1022877 1023314
1024340 1024912
1025135 1026008
1026639 1026708
1027522 1028081
1028890 1029026
1030331 1030674
1030790 1031292
1032399 1040293
1042324 1049423
1049709 1053326
1053747 1054370
1055234 1055665
1055868 1058637
1058748 1060432
1060559 1060968
1061044 1061199
1061300 1061742
1061829 1062175
1062250 1063788
1063895 1063950
1064089 1064164
1064244 1064672
Tb927_02_v5.1
1 1600
2426 3156
4439 6824
6950 7012
8243 8312
8678 16514
17242 19540
19706 19802
19924 20061
20544 20623
20823 20906
20973 21022
22256 29421
30398 46863
48120 48379
48789 52916
53264 53611
54917 57243
58040 58702
58834 58913
58998 61105
62864 64309
64959 78022
78555 78606
78767 82171
82666 97737
99551 99686
100131 100788
100855 101018
101233 106547
107926 108831
109416 110189
110309 110831
111339 111690
111923 112124
112323 114023
114244 114781
115017 115260
115379 117413
119549 131330
131610 131741
131828 131928
132050 132103
132189 132817
133089 133237
133331 133816
134730 137230
137360 140114
140498 141168
142179 142692
142805 143053
143201 143625
143715 144116
145473 146034
146373 147503
147824 151243
152256 153694
154816 167819
168750 168964
170444 170743
171425 171865
173741 179023
180494 192464
193538 193639
193904 193988
195091 197058
197190 197358
197592 198884
199091 199192
199276 203865
204479 205723
206407 207631
207697 208213
208331 216084
216181 219502
220136 225542
225665 225749
226095 226762
226941 227214
228479 233592
234206 240283
241261 247102
247680 248145
248266 248518
249064 249798
249954 251772
252025 252690
252811 253421
253492 253639
257903 258494
259304 265260
265847 268541
269579 280336
281177 289328
289425 289850
289916 289965
290361 298785
299172 300134
300694 301532
302133 303126
303241 303652
304115 304238
315484 316637
349733 349931
359046 359772
359849 364970
365049 368194
368356 368738
368981 386484
405878 406016
406783 406987
410929 411211
415084 415698
420361 420527
433041 433628
448960 449132
450706 451143
540573 540675
540772 540847
541768 541829
541941 542242
542405 542473
542883 543170
556110 556269
556838 556924
581482 581810
584068 584508
587233 587402
596163 597314
597850 601316
601690 610533
612024 615786
616862 617002
619084 620555
712438 713835
745360 752168
844048 846327
863727 869141
899037 899513
900634 901816
901930 902279
902803 903097
903605 904961
942470 949557
951575 957718
973860 997426
1035496 1037329
1060684 1063801
1064476 1067560
1077123 1077375
1106414 1107243
1108027 1108704
1109512 1109673
1110053 1110312
1110437 1112052
1116318 1119182
1119980 1128403
1130666 1136809
1137384 1149368
1149456 1159381
1161501 1161693
1162426 1163063
1163467 1163770
1165326 1166088
1166557 1167632
1169283 1169910
1170159 1171461
1171702 1172752
1175429 1177320
1178583 1181057
1184038 1185651
1185828 1188149
1188834 1191123
1191406 1193948
Tb927_03_v5.1
726 859
1144 1676
1780 2096
2673 4198
6003 8999
9076 11534
11791 11980
12089 12143
12922 13173
18008 18140
18677 18901
19067 19160
19354 19498
22838 23207
23444 23550
24211 29217
35974 36124
36214 36782
37060 37734
37962 38820
40686 41868
43037 43499
45110 45170
46207 47118
47584 47792
47884 48172
48949 49180
49380 50689
51844 52360
52979 54549
54726 55593
57861 57979
60002 60237
63157 65339
67548 68276
68352 68930
69439 75192
77952 78023
78838 79473
92771 92891
94489 94727
95685 95843
97425 97490
97805 98039
98843 99025
99221 100436
102948 103447
103933 104069
107269 110065
110145 116512
117374 120503
120937 121457
121868 121930
122537 123329
126747 126990
129256 129467
132328 132607
136575 137188
142535 142742
144435 144603
146444 146543
149284 150082
152003 153188
154523 155535
167950 168193
195109 195347
261046 262383
372990 375740
389567 395635
400798 401630
494386 495033
634483 634716
634841 636814
640359 641795
641867 642946
643354 645783
754013 754153
754335 754441
818846 820632
869444 870387
875636 880607
881116 881575
884281 892399
896223 897098
899930 905166
906800 921153
923606 949661
950303 954925
955558 959750
959911 960375
960544 973839
1079099 1079423
1092464 1092892
1099836 1099901
1100896 1101010
1101911 1101999
1102301 1102431
1102674 1102860
1103120 1103183
1103278 1103418
1103494 1103652
1104062 1104153
1104364 1104466
1105556 1105608
1105965 1106063
1106396 1106448
1109883 1109955
1122611 1123036
1123038 1123259
1147390 1147471
1147717 1153969
1155110 1155200
1155417 1158783
1169822 1170075
1172979 1173209
1182573 1182809
1208920 1213168
1215018 1219266
1232221 1232327
1236971 1237787
1254923 1255086
1279677 1279854
1285082 1285179
1314855 1315060
1334324 1334520
1344622 1352522
1392173 1392406
1396099 1396212
1438290 1438459
1466766 1467115
1470283 1470495
1492597 1494955
1547889 1548831
1586128 1590252
1590571 1590770
1591108 1591323
1591391 1591615
1592222 1592309
1592838 1593124
1593975 1602815
1603501 1605056
1605304 1605357
1605424 1606214
1606351 1606846
1606942 1608915
1609122 1610500
1610616 1612206
1612642 1612850
1613583 1615202
1615566 1615851
1616067 1616396
1617037 1617476
1626445 1629970
1631020 1637035
1638014 1638136
1640762 1640863
1640994 1642506
1642787 1643710
1644343 1644901
1646071 1646187
1646348 1647164
1647543 1649414
1650406 1651049
1651703 1651930
1652006 1652255
1652870 1653225
Tb927_04_v5.1
1 3130
3211 3289
3641 5813
5999 8399
8763 14728
16749 25606
26343 26434
26950 30828
30897 31922
32045 32177
32664 32866
33429 34170
34829 37066
37290 40565
40734 41153
41757 42050
42703 51583
51804 52039
52212 52367
52461 53001
53207 61713
61914 64462
65274 67922
68007 69022
69143 69237
69658 71176
72379 73367
74829 78220
199259 199313
199684 199971
200082 200188
200471 200536
257433 257726
258770 259033
307920 309060
318164 318241
320100 320445
518620 526893
527830 528284
774389 774553
840689 841012
842169 843763
843893 844049
844142 857165
898976 899299
903220 904142
905199 905322
905881 906051
907382 907555
911830 912042
914337 915979
916576 916705
918114 919146
921923 922884
923565 925687
940684 941986
949674 953732
954675 957622
958658 959937
962237 962509
968791 968953
975242 976979
983248 983350
983524 983639
984511 984810
985085 986417
1007215 1012710
1013409 1015087
1016711 1018588
1019515 1021337
1043608 1043788
1044464 1045154
1046999 1047743
1050889 1051033
1052846 1053455
1060848 1061512
1062289 1064079
1064899 1068613
1069421 1070544
1077195 1077357
1079532 1079701
1080935 1081106
1092076 1093494
1093992 1094920
1097524 1097697
1099683 1100558
1101507 1102133
1125185 1128718
1129739 1131433
1132370 1133558
1135802 1135984
1154820 1155013
1167372 1167710
1167994 1168165
1168269 1177748
1178427 1181923
1182498 1196292
1196943 1199806
1203407 1203656
1221768 1221857
1229665 1229780
1229916 1229985
1230081 1230142
1230747 1230816
1235779 1235883
1235990 1236206
1236298 1236519
1236769 1236827
1285038 1285161
1285839 1285989
1286671 1286886
1287683 1287977
1288487 1288779
1301086 1302106
1319269 1320648
1321472 1329267
1329977 1330081
1340264 1340457
1343603 1344966
1347547 1352734
1358537 1362200
1370455 1372115
1384738 1386353
1393268 1393433
1395287 1396179
1401470 1402524
1402593 1402676
1402866 1403315
1404648 1405548
1408611 1410848
1412302 1412803
1414578 1415943
1419611 1420119
1425612 1427293
1428019 1428556
1429130 1433296
1433911 1436736
1438230 1438308
1438653 1438777
1438898 1438991
1439152 1439333
1439428 1439478
1440018 1440076
1440147 1440308
1446132 1446276
1451824 1452671
1453228 1453442
1456327 1466853
1467542 1467720
1470606 1471085
1472390 1473927
1474965 1475042
1476408 1486783
1487821 1488215
1488318 1489923
1492812 1494323
1495298 1500295
1500487 1501040
1501537 1501604
1503214 1508024
1508571 1510099
1512532 1513323
1515548 1516021
1516432 1518649
1522088 1522325
1529595 1530537
1533968 1534272
1539654 1540024
1541854 1541990
1544218 1544853
1550305 1554858
1555663 1555737
1555905 1556319
1557788 1558003
1560483 1560598
1567162 1567673
1568078 1568539
1573027 1573114
1575280 1575566
1575735 1576108
1576474 1576624
1577078 1577177
1577420 1577654
1577731 1577943
1578993 1579387
1579495 1579739
1581357 1581661
1582336 1582956
1583079 1583700
1584497 1585045
1585131 1585376
Tb927_05_v5.1
1 2157
2460 3203
3625 5158
5444 10374
17308 18038
18180 19971
20964 22056
22477 23568
23781 23994
24067 24458
26810 28357
28589 29873
30543 42914
43424 48108
51554 51652
54163 55400
55637 55720
56429 56648
56915 64750
64836 64994
65950 67829
68339 70934
79193 79427
80375 85227
112920 115418
115505 115826
115917 117747
118367 118940
119926 120601
120901 122150
122245 124572
124766 126155
128884 138895
140811 143427
144291 146247
147722 164515
165123 189355
190605 191575
204854 206211
246880 247912
248864 248946
251640 253004
254255 256889
261835 261921
276631 276829
277621 277932
353645 353744
356008 361777
362596 363357
424197 430561
431613 436816
449473 449526
453889 455071
502313 502478
504862 505379
505968 506922
506992 507041
507563 507830
508085 508697
510107 514029
529650 529838
578473 579698
596176 596381
621837 624806
628597 631482
675782 676487
677145 677198
677702 677752
679279 679339
680286 680341
680617 680780
681137 681230
681307 681427
681533 681585
682127 682433
682631 682706
683122 683176
683412 683491
687187 691517
691661 692088
693008 693253
693350 693435
693637 694154
704240 704387
715755 716320
739668 740050
740320 745059
747725 748255
749229 758009
761644 762622
802542 802918
816370 816581
835949 836069
836741 836948
941540 941713
1141527 1143302
1211851 1212283
1289243 1289386
1296807 1297105
1327952 1329346
1329871 1335023
1390394 1416948
1420233 1424469
1427788 1428500
1428580 1428711
1428964 1429192
1429277 1430533
1430637 1430867
1430980 1431226
1431908 1434144
1439152 1442789
1443344 1445648
1447313 1447618
1449006 1449407
1456088 1456163
1456231 1457306
1459275 1459365
1460608 1460845
1470982 1471199
1471758 1472747
1473438 1474638
1475220 1475508
1481169 1481305
1486674 1491683
1502947 1503373
1504729 1505298
1506147 1506493
1506601 1507399
1509557 1510425
1512927 1517118
1518700 1519193
1519279 1520539
1521487 1526238
1530421 1530973
1531323 1531590
1538529 1538985
1548110 1548220
1548474 1558527
1560260 1560587
1562936 1563490
1565468 1567625
1568191 1569575
1570233 1570910
1572201 1573693
1575347 1575803
1576051 1576383
1577506 1578909
1579461 1580754
1582600 1584264
1584338 1584603
1584676 1587748
1587839 1590021
1590624 1593950
1594130 1605339
1605930 1608371
1608966 1618760
1619325 1621065
1621587 1623922
1626474 1626536
1626614 1630350
1634145 1634214
1634799 1636544
1637187 1637560
1640319 1647425
1651106 1651740
1651827 1654748
1654911 1656698
1657019 1664476
1664786 1667745
1670650 1671150
1671825 1675384
1675748 1676084
1676193 1676995
1677598 1680468
1681129 1686378
1686455 1686536
1686628 1691577
1693407 1693731
1693840 1693889
1694174 1694711
1694916 1695381
1695512 1696013
1696133 1696600
1696666 1697336
1697703 1706972
1707074 1711863
1712560 1712835
1712941 1714704
1715444 1715849
1716107 1716351
1716371 1719579
1726908 1727051
1727146 1729808
1729912 1731966
1734358 1734652
1734801 1735018
1735149 1737008
1738206 1741320
1741585 1741648
1742034 1743576
1743982 1744265
1745295 1747625
1748072 1754681
1754820 1756096
1756841 1761007
1762168 1766430
1766695 1767948
1768025 1769325
1769685 1773875
1775140 1775671
1776014 1776310
1778023 1778076
1780647 1784147
1785735 1786454
1786999 1788000
1788274 1790528
1790612 1791692
1792305 1798798
1798907 1802303
Tb927_06_v5.1
1 1716
2661 6322
6889 7099
8209 11214
11361 11422
11688 15485
16266 16348
16656 17099
17189 19521
21565 21733
22892 23496
24129 24542
24693 25063
25778 25894
26624 43097
46008 47266
47884 51400
51907 55050
55552 60139
60230 62330
62391 69643
72823 73141
79466 79656
85534 86543
87915 90814
92070 93272
93993 95626
115593 117465
118823 123680
126254 132176
133204 133888
134843 150549
151555 166875
166977 173328
179173 179910
181401 187212
200079 201454
202283 203738
210757 225789
227248 228324
232977 233687
234213 234970
258609 258754
263027 263087
263513 263568
263845 263938
264091 264208
265384 265459
265645 265856
271489 271729
298369 298636
314276 332314
332838 334292
336663 338672
396988 398636
404922 422549
479988 480214
481725 483126
483338 483749
487091 503882
537710 537802
597511 597607
597818 597920
598095 598146
599550 599656
599785 599840
601023 601080
601271 601327
601403 601465
604145 604243
604885 604948
606911 607074
611395 611573
613174 618403
619010 619074
634272 634503
635143 635328
658815 658990
670359 670526
687541 688236
704802 705062
711721 719376
720193 720509
781181 781388
987321 1005209
1054038 1054349
1083696 1083879
1086438 1088382
1117582 1117814
1126417 1128459
1146426 1147096
1181262 1181597
1196233 1196419
1218192 1220472
1282441 1283022
1307522 1307897
1339600 1339753
1344345 1345820
1346562 1359181
1360557 1362661
1374948 1375187
1416374 1416459
1418745 1420004
1424565 1425378
1425554 1425643
1425893 1427722
1428081 1432579
1433226 1433418
1433497 1433875
1435506 1436220
1436719 1437980
1438643 1438771
1438911 1439096
1441412 1441913
1442135 1443974
1444340 1444847
1446566 1446670
1448176 1448267
1448778 1448850
1450155 1450370
1450874 1450965
1451800 1452944
1453554 1453684
1454494 1454606
1455032 1455342
1456180 1456579
1456763 1456821
1457023 1457132
1457677 1457858
1457947 1458066
1459334 1459425
1459603 1460535
1462270 1464041
1464306 1468109
1471604 1474484
1474728 1474852
1475033 1475970
1476284 1484159
1484328 1493112
1493192 1495412
1495829 1496748
1497075 1497276
1497997 1499155
1499325 1500057
1500154 1500409
1501342 1514604
1515062 1515204
1515372 1521539
1521665 1525142
1525300 1527101
1528195 1530116
1530261 1532140
1532325 1532685
1533001 1535781
1535896 1538285
1538486 1538903
1539805 1540369
1540810 1541187
1541293 1541558
1541761 1542333
1542429 1550702
1550788 1550841
1550964 1551761
1551916 1552419
1552768 1552941
1553058 1553110
1553247 1555231
1556744 1559162
1559300 1563419
1563728 1563931
1564027 1565011
1565086 1567038
1567274 1568629
1568961 1570587
1572321 1572729
1572962 1574792
1575047 1575131
1575885 1575981
1576276 1577914
1579258 1580459
1580584 1580977
1581050 1582935
1583097 1584560
1584631 1585478
1586022 1587186
1587415 1590021
1590128 1592752
1594032 1594175
1594427 1594637
1595091 1600892
1601170 1601888
1601997 1604400
1604604 1606282
1606672 1607103
1607658 1608349
1608735 1613919
1615618 1616670
1618194 1618424
1618811 1618915
Tb927_07_v5.1
1 1275
1838 2125
3124 3180
3731 4115
5395 5642
10648 11495
15300 15934
16405 25040
25636 25764
25910 26676
27657 27823
31076 33345
41471 44175
56000 56524
64919 67996
69329 78785
95660 96950
109812 109966
110885 110945
113203 113413
119665 119830
149362 149538
184531 185515
210268 210464
231088 231821
290386 291621
347713 347917
430791 431803
465256 471890
472766 490059
490721 513542
554634 554939
599997 601054
681268 681481
681982 682088
682157 682952
728837 735196
735198 739747
837291 839598
861387 863424
864012 864387
865467 869275
891806 892628
961118 961293
998934 1001783
1057661 1057826
1099797 1102509
1125075 1125171
1125960 1129394
1130435 1130528
1157540 1158968
1218138 1287677
1289005 1289204
1296700 1296950
1297958 1298143
1298917 1299076
1300140 1304737
1305431 1308170
1311471 1312670
1313290 1314142
1314789 1315199
1316819 1317720
1323983 1324612
1325667 1326199
1332862 1333158
1352246 1353793
1364141 1364641
1375603 1375755
1381892 1382060
1407299 1407650
1415536 1415704
1417414 1417569
1422861 1423078
1423499 1423670
1424065 1424186
1424518 1424664
1424835 1424956
1425032 1425098
1426352 1426484
1426578 1426639
1432508 1433068
1436681 1437186
1439407 1439542
1439634 1439686
1439754 1439840
1440508 1440925
1442107 1442212
1444618 1444717
1450338 1450594
1452120 1456390
1456917 1457769
1459469 1459785
1484242 1484485
1485363 1485518
1495096 1495342
1497473 1497671
1501174 1501627
1502558 1502939
1504048 1504119
1509660 1509852
1521041 1521248
1522914 1523100
1523983 1524159
1532763 1533077
1536545 1536797
1542966 1543142
1548058 1548284
1549754 1549951
1557940 1558168
1558415 1558540
1558738 1558796
1563049 1563159
1563327 1563400
1563629 1563681
1565303 1565425
1590262 1591527
1592802 1594578
1599308 1600882
1601699 1601895
1602642 1605807
1607277 1607430
1608135 1609115
1609853 1615337
1615929 1617513
1618707 1620801
1625711 1627053
1633007 1646045
1646796 1653436
1653582 1657496
1666287 1668491
1669952 1670023
1763584 1764053
1765884 1766558
1771049 1771147
1772902 1773006
1773237 1773362
1780248 1780334
1783157 1783247
1784722 1786068
1786316 1791751
1792654 1792953
1795463 1798577
1799391 1802234
1803078 1803546
1892296 1895093
1917809 1919371
1920898 1921061
1928781 1929086
1929670 1931500
1935227 1935327
1937263 1942453
1942540 1949963
1950029 1955789
1956963 1958323
1959329 1961326
2032415 2035160
2125167 2128345
2128605 2129044
2151137 2151437
2153933 2154261
2177131 2180540
2181582 2182756
2184072 2188892
2190222 2191518
2192575 2193468
2196650 2197500
2198518 2199440
2199824 2204574
Tb927_08_v5.1
10127 10699
12379 16964
19852 20051
26160 26629
27001 27178
27713 28048
28667 28783
28966 29083
29348 29643
32603 33871
36780 36974
40216 40530
46675 46882
47856 48286
49185 49410
51005 51327
51399 52307
52913 54949
55576 58039
58880 59609
62262 62481
66869 67055
69169 69690
74611 75322
75883 76360
80647 81020
81405 81741
82313 82586
85042 85260
86266 87172
88233 88589
88890 89220
90008 90518
91297 91837
93776 94067
95825 96198
100948 101239
101317 101636
102599 102692
104181 105091
105871 105944
106069 106302
112247 112693
113794 113945
114072 114251
119653 123369
125094 125429
126045 126377
127856 132710
137747 137977
138574 138747
139291 139573
142661 144663
171235 171524
206281 206341
208562 208932
209992 210516
280691 280894
287063 288297
298802 307885
309197 309568
370427 372507
376332 382612
386121 386894
411245 411392
453834 455227
455738 458989
458991 459897
459899 459987
460048 460356
461981 463350
533560 536995
537223 543640
549840 551437
653576 653999
655617 656325
657270 657530
690508 696767
714294 714484
844603 846263
862731 863156
881788 884865
885798 887965
888671 889793
961535 961742
1014906 1015080
1036207 1036470
1036748 1038667
1039980 1044566
1051733 1053538
1062390 1062464
1074276 1074328
1084313 1084422
1085468 1087394
1088639 1089245
1090382 1090942
1093208 1094680
1100297 1100529
1103096 1103391
1104794 1104961
1118376 1118475
1145598 1145770
1152589 1155175
1157247 1158106
1158866 1159845
1160862 1164336
1173855 1174717
1176845 1177411
1180997 1181297
1190244 1190430
1194961 1196147
1198782 1199817
1202202 1203348
1207969 1208322
1209260 1211820
1213044 1219899
1380193 1386095
1387521 1394446
1407266 1409479
1411044 1411461
1466103 1467207
1474876 1483005
1535296 1536212
1585894 1585965
1617406 1620552
1892060 1892599
1894268 1895428
1920946 1921161
1921577 1921628
1922828 1922905
1922980 1923032
1924071 1924277
1942821 1943276
1944392 1946193
1947913 1948567
2000529 2000802
2002005 2002186
2006095 2006352
2009742 2009864
2012192 2012747
2013300 2013587
2027075 2028965
2038299 2038443
2057152 2058333
2059324 2059941
2061212 2061548
2084851 2085190
2097457 2101931
2109471 2112189
2127181 2127870
2129125 2135978
2137784 2141487
2144699 2145442
2171037 2173152
2187238 2187858
2190899 2191257
2194335 2200619
2202151 2210370
2215314 2219274
2233050 2233103
2233164 2236556
2237508 2238627
2267070 2267174
2277406 2277731
2278070 2278283
2278395 2278448
2285344 2285566
2298332 2301131
2301266 2306878
2307635 2311744
2312100 2312256
2312464 2316057
2316097 2316262
2316264 2319723
2320734 2336132
2336237 2336624
2352023 2354164
2381124 2381245
2381871 2381984
2382225 2382277
2388179 2388725
2389507 2390727
2391744 2392704
2394749 2396182
2400856 2400919
2412123 2412279
2417411 2417925
2420389 2425260
2426038 2426142
2427546 2428472
2429506 2430251
2430875 2434635
2435973 2436828
2437215 2437285
2437918 2438292
2438370 2438473
2440027 2442885
2443479 2445010
2450572 2450892
2458458 2459743
2471430 2471604
Tb927_09_v5.1
1 173
937 1028
1812 2388
2484 2632
2719 2849
2952 3402
3643 4157
4261 18750
18945 25665
25771 27091
27182 29489
29595 29929
30112 30420
30599 31518
31839 32232
34540 34723
34795 34881
34953 37046
37413 37732
38648 38901
39678 41077
41371 41943
42391 44031
45376 45426
46149 53630
53707 53813
54011 54428
54580 54765
56072 56973
62309 62513
63062 63312
63525 63730
63808 64944
65889 65939
66255 67451
67682 76392
76596 76881
77290 78158
78434 84678
84844 85112
86019 86549
86873 86990
87132 87554
87874 88104
89356 89540
89798 90504
91672 91762
94684 94973
95071 95820
97718 98977
99538 99865
100922 100993
101627 101829
103925 105060
107147 107454
108499 108581
110485 110792
110870 111087
111826 111931
112030 112686
112884 113295
113444 113626
113867 114683
115094 116389
116675 116763
116986 117171
117329 117855
127895 128327
128914 129387
129480 130141
130787 132189
132379 134174
134258 134882
135072 137343
137424 137833
138160 141603
141690 141798
142309 142426
145677 152632
152813 154466
155212 155524
156141 157402
158032 158700
158821 159654
160192 160454
163645 166767
167134 171726
171793 171845
172052 172349
172416 173645
175057 175234
175316 175366
175453 176955
177171 181674
181747 182021
182153 185096
185194 186311
186443 186781
187088 187174
187302 188606
188764 189863
192859 193306
193432 193585
195813 196177
197986 198135
198591 199195
203204 204984
205615 206249
207039 207204
207282 210492
210934 211844
213280 221186
221273 221804
222443 223480
223598 224315
224514 227975
228562 229290
230638 231754
231847 232083
232300 232599
232693 232795
233590 234433
235075 249148
249656 255950
256910 257300
257484 258726
259251 259399
259940 260042
261258 262337
262722 269358
270208 270507
271102 272034
272159 272296
272412 272660
272742 272872
272984 273428
274096 274302
275166 276745
279412 282822
283030 283881
284078 284254
284521 290462
290533 293694
293777 295579
295809 297570
297642 298641
299072 300975
301223 306249
306604 306997
307654 307737
308262 308429
309889 310672
311427 311612
312709 313106
313196 313409
315121 316285
316424 316647
317339 317400
318048 318156
319283 320667
321732 321788
322545 322605
322736 324279
325053 325177
327896 328222
332511 332997
335319 335487
341047 341208
351788 352633
366706 366936
369096 369333
377378 378405
439778 443051
470680 474096
519218 519404
529400 531537
534451 556324
609080 614613
614962 642504
643226 651996
689512 689802
691079 692582
744387 745067
764421 771148
777395 777635
779308 779861
799472 803459
866780 866963
868053 868277
904295 904926
910627 911322
1008509 1011839
1029569 1030448
1033387 1034201
1043085 1047020
1048074 1048660
1114621 1115127
1121410 1121650
1122726 1123478
1185966 1191219
1191290 1192565
1192684 1195804
1196802 1197657
1198533 1198726
1199558 1200855
1201576 1201748
1202208 1204221
1204317 1204483
1206099 1213554
1213738 1221587
1246485 1247592
1287805 1292127
1292468 1292590
1292778 1321771
1335932 1336540
1425594 1426644
1432916 1434822
1498747 1501003
1502615 1504137
1504920 1505827
1673276 1674938
1676765 1686246
1751692 1752371
1771230 1771964
1804521 1804944
1808412 1808711
1823824 1823997
1844153 1844309
1875164 1875340
1901912 1902071
1917166 1918880
1932924 1933103
1937669 1937825
1962865 1963058
1963589 1964159
1967045 1982299
2085255 2085610
2109959 2110250
2171420 2172909
2173424 2174915
2178890 2179816
2180352 2181221
2183912 2183997
2186207 2186329
2186597 2186754
2188477 2189040
2197690 2197934
2265206 2266530
2266609 2267448
2268234 2271677
2272314 2272781
2284059 2286612
2289286 2289905
2290950 2292231
2294760 2294990
2295547 2301493
2302232 2327012
2327612 2331783
2332386 2336289
2338114 2338857
2408104 2408195
2408456 2408599
2408947 2409023
2411858 2411985
2415025 2415722
2419204 2419823
2420492 2420786
2421432 2423639
2423727 2435649
2436660 2444247
2461307 2463247
2463406 2464115
2464419 2505177
2505346 2505408
2505567 2505623
2507071 2507127
2507767 2507948
2508364 2508631
2510357 2510924
2514714 2514778
2516979 2519072
2523687 2523866
2524971 2525035
2526075 2526345
2537700 2538577
2539506 2542108
2543725 2544412
2544984 2546024
2546162 2546401
2546696 2552071
2552551 2552971
2553038 2555761
2555933 2556203
2557247 2559418
2560012 2560535
2560734 2564591
2565003 2584225
2584328 2588543
2592327 2604961
2605481 2626467
2626721 2631825
2631891 2632015
2632894 2638110
2638499 2639936
2640021 2646129
2649215 2653348
2653819 2654120
2655565 2655886
2656137 2656533
2656618 2656923
2657208 2660463
2661142 2662248
2662911 2662971
2663383 2664212
2664416 2664830
2665175 2665603
2665674 2666212
2666401 2676223
2676514 2678205
2679520 2679853
2679958 2680096
2680436 2681879
2682194 2682563
2683102 2690133
2690200 2691432
2692010 2696036
2696245 2698283
2698401 2698510
2699068 2701577
2701821 2704534
2704657 2715869
2715990 2719116
2719239 2719737
2719970 2720353
2720436 2722107
2724022 2725428
2726802 2727109
2727225 2728592
2729921 2731943
2732341 2747968
2748140 2750172
2750495 2751864
2752893 2756783
2758185 2758640
2760672 2765599
2765706 2767309
2767532 2768107
2768496 2771588
2771673 2772175
2772410 2773644
2774515 2774647
2774824 2776030
2776292 2777973
2778134 2779047
2779961 2780810
2781426 2783472
2783637 2784576
2785313 2787052
2787388 2789026
2789210 2800039
2800293 2801225
2801302 2806352
2806477 2811441
2811510 2815630
2815822 2817178
2817363 2817528
2817641 2818054
2818324 2818390
2818757 2820826
2821545 2821669
2822009 2823841
2823966 2824798
2825641 2826539
2826616 2828057
2828124 2828524
2828974 2830387
2830722 2832470
2832709 2835006
2835086 2835213
2835608 2844262
2845347 2847480
2847780 2849621
2849733 2853405
2853471 2853776
2854185 2870435
2870751 2877310
2877402 2887556
2887838 2888191
2888286 2896672
2896772 2897933
2898011 2901070
2901148 2901298
2901670 2902084
2902174 2902523
2902626 2904120
2904666 2905179
2905261 2905813
2906075 2915928
2916044 2916765
2916933 2917784
2918672 2919634
2920611 2921763
2921862 2923243
2923955 2924018
2924087 2924183
2926394 2926476
2926545 2927043
2927285 2930774
2931042 2931713
2931814 2933862
2934368 2934850
2935013 2935693
2936016 2936210
2936483 2940956
2941737 2949034
2949131 2949285
2949487 2949699
2949984 2966077
2966212 2966611
2966743 2966814
2967842 2968087
2968193 2968418
2968494 2968632
2969260 2969407
2969596 2969913
2970381 2972098
2972300 2975423
2975769 2975819
2975983 2976050
2976282 2976732
2976820 2977554
2977851 2979801
2979996 2986750
2986902 2996085
2997121 2998404
2999795 3001033
3002354 3005468
3006641 3009515
3009583 3010595
3012254 3012446
3012656 3018409
3021369 3021606
3023845 3025768
3028781 3028910
3029326 3029469
3030088 3030355
3031288 3031652
3033547 3033929
3034237 3037412
3037516 3038026
3038728 3039019
3039152 3040043
3040343 3041089
3041258 3042320
3042413 3042880
3043536 3044846
3045536 3045966
3046386 3048747
3050593 3050970
3063136 3063224
3063582 3064002
3065452 3066185
3067297 3070324
3070838 3072376
3073974 3074091
3074319 3076779
3077109 3077216
3077330 3078540
3079010 3079441
3080095 3085256
3085399 3097181
3097697 3100243
3100386 3101167
3101299 3103975
3104315 3104689
3105559 3106268
3107239 3107425
3107983 3108065
3108517 3108605
3108826 3114928
3115594 3118063
3118514 3118855
3119637 3137790
3137862 3146196
3146408 3148205
3148320 3149226
3150707 3162592
3162696 3162855
3162996 3170381
3170455 3178266
3178977 3180277
3180450 3182027
3188699 3191197
3191422 3193400
3193478 3193761
3193829 3201397
3202586 3205074
3205161 3205404
3207341 3207900
3208630 3209383
3209506 3211201
3211786 3212079
3212153 3213003
3216086 3216335
3216612 3217598
3217691 3218367
3219355 3219449
3220291 3226099
3228312 3232854
3233141 3235846
3236656 3237102
3238180 3238283
3238571 3239842
3239969 3240245
3240651 3240708
3242604 3243352
3243649 3244349
3244746 3245158
3245405 3245775
3245848 3246204
3251007 3251198
3251466 3256701
3256916 3257675
3257803 3260187
3261245 3261955
3262764 3269337
3269493 3270591
3270669 3273371
3273633 3276170
3277705 3278288
3282696 3292739
3296049 3297774
3297852 3298856
3299048 3299856
3299939 3300661
3300995 3301977
3302416 3302670
3303334 3304873
3305581 3306323
3307085 3307294
3307366 3307777
3308052 3308634
3309111 3310196
3310634 3310857
3311341 3314639
3314931 3317819
3328063 3337871
3337966 3339712
3339899 3340264
3340609 3346492
3346654 3347611
3349150 3353733
3353998 3356985
3357350 3359047
3359206 3360500
3360850 3364724
3365039 3365103
3365300 3365897
3368422 3373801
3374083 3375576
3376017 3405949
3407478 3407951
3411581 3411833
3413453 3424927
3425273 3426359
3428372 3428916
3429510 3431961
3432783 3448720
3449112 3450342
3451364 3451549
3451722 3451865
3453180 3453288
3454957 3455055
3455420 3457727
3457812 3457902
3458320 3460644
3460855 3461288
3461358 3461862
3462655 3462733
3463112 3478647
3478729 3478863
3478942 3479430
3480733 3480796
3480881 3481148
3481238 3481390
3483284 3483860
3484182 3484303
3484404 3501425
3501822 3503299
3505718 3508712
3509088 3520578
3521464 3528245
3528793 3528983
3529239 3542885
Tb927_10_v5.1
1 903
1250 1336
1425 17956
18056 22267
22411 23463
23541 25239
25988 32311
32654 32902
33379 35238
35402 39951
40306 41112
41635 42425
42615 45049
45207 54937
55068 55791
55895 56653
57432 57662
57910 57992
58313 59000
61300 61882
62044 63165
77213 77634
79494 79672
81969 82203
82283 82336
106348 106568
107081 107336
116414 116673
122445 122628
123274 123440
124883 125135
131480 131586
133699 134143
136201 136958
139466 139647
139964 140062
140264 140405
140728 140778
147325 147556
154037 154214
157105 157328
162987 163256
185372 185614
189238 189577
196543 196821
227795 227905
239924 241836
243722 244560
278265 278621
279182 280370
280898 281541
282164 284092
328888 329707
330418 331381
366302 366546
368155 368220
377048 377357
380792 385080
390536 391919
449671 452016
472400 473174
546922 551203
570581 570806
617676 617951
623096 623275
624073 624406
636645 636945
639095 639428
640704 641006
649995 650207
650721 650915
651567 651734
662636 662781
664189 664366
702521 702695
703816 704047
799431 800402
800541 800816
837211 837461
863518 863727
867979 868139
880038 880216
881925 882141
940011 940119
945289 945445
1077714 1077880
1127158 1128236
1134568 1135709
1167244 1169754
1203737 1204035
1206830 1207084
1233733 1234722
1244972 1245228
1404092 1404161
1420768 1422041
1489535 1492938
1617305 1617530
1631608 1631938
1647874 1649406
1695676 1697751
1698778 1701199
1702007 1704927
1733978 1734241
1737984 1742092
1749460 1752124
1756380 1761290
1786278 1786343
1805911 1808513
1851408 1851687
1930344 1930545
2094371 2096686
2097503 2105595
2106496 2117417
2127840 2129247
2176437 2176541
2343012 2345599
2353426 2353601
2515177 2516480
2517543 2517999
2518216 2518581
2518699 2519414
2519768 2519906
2520054 2520703
2522227 2522402
2523698 2531376
2531977 2532822
2549283 2558643
2571386 2583092
2583717 2585450
2642986 2643379
2654636 2679939
2701093 2707373
2784945 2785888
2832038 2832302
2843116 2843182
2843374 2843491
2847706 2848800
2874239 2874315
2874915 2875084
2875283 2875357
2875584 2875660
2876891 2876985
2896502 2897080
3034978 3037810
3053481 3053894
3080485 3080695
3169542 3171866
3268831 3272398
3274132 3275091
3295774 3296230
3313845 3321317
3344656 3345547
3348714 3349361
3398746 3399163
3427992 3428386
3575262 3575912
3580177 3583115
3611827 3614983
3622907 3623003
3627122 3627385
3688261 3690584
3734379 3734570
3744776 3744905
3748485 3748642
3748846 3748901
3749017 3749075
3749296 3749391
3749609 3749686
3749799 3750297
3750393 3750498
3750597 3750720
3750839 3750930
3751013 3751104
3751193 3751253
3751414 3751468
3752306 3752395
3755516 3755639
3756542 3756768
3756912 3756970
3757057 3757133
3757377 3757541
3757807 3757902
3758893 3758981
3759299 3760079
3761840 3762523
3783366 3783641
3807696 3807856
3848403 3848825
3855289 3860457
3861236 3862416
3881921 3885467
3886303 3886556
3890128 3892203
3941436 3941780
3946386 3946944
3977176 3980896
3982190 3982426
3983470 3988676
3988752 3991622
3991918 4018390
4018516 4019788
4019854 4021819
4022121 4022989
4023165 4024712
4025193 4025815
4025947 4026768
4026960 4027648
4027732 4028263
4032950 4033748
4033871 4033941
4035534 4047225
4047716 4048518
4048717 4050029
4050674 4051325
4051410 4051543
4052098 4052224
4052847 4054993
4055669 4056213
4057218 4060476
4060670 4060724
4060827 4067528
4068403 4069552
4070926 4072271
4072582 4073428
4073509 4074754
4074853 4075042
4075283 4076614
4077170 4077253
4077433 4077516
4077733 4077883
4078280 4079357
4079430 4079596
4079674 4079933
4080057 4080390
4080889 4081153
4082931 4086666
4087050 4088834
4089322 4089546
4089634 4091307
4092248 4092944
4094977 4095148
4095234 4095435
4096662 4097556
4098109 4098211
4100160 4101426
4101958 4102014
4102485 4102634
4102759 4103208
4105896 4106147
4106256 4106357
4106430 4109376
4109655 4110238
4113554 4113918
4114607 4119555
4120033 4121990
4122639 4122762
4122902 4123882
4124074 4129039
4129214 4129983
4130145 4132480
4132570 4134036
4134164 4138780
4139198 4139352
4139584 4139839
4139938 4140000
4140153 4140606
4140734 4141129
4141207 4144177
4144281 4144375
Tb927_11_v5.1
1 216
392 671
785 1045
1146 1299
1377 1486
1566 1809
1968 2020
2285 3055
3540 5472
6423 6580
7647 8164
8295 10305
10454 24206
24755 25041
26305 30827
31137 31265
31847 31904
32453 34208
119151 119281
173122 173283
177628 181266
182716 182931
188467 188632
230291 230508
250482 251296
279319 282104
283032 283417
284341 296579
296680 312123
318848 319057
332127 332771
377653 377823
440181 440252
444647 446282
446990 447807
447909 449572
452424 456320
456422 456474
457694 462871
464303 464631
466079 466941
467043 468714
468816 468896
475881 477138
478254 482133
495603 495785
523539 523697
537199 538054
552959 554454
567313 567615
602159 602485
620515 620680
634003 634230
652713 654905
690846 692532
692624 697656
697794 698093
701886 702507
738237 738406
742297 742455
753942 754110
766855 767006
768822 768929
771845 772032
807618 808091
820722 821016
821395 821626
822137 822201
822320 822370
822451 822514
822975 823051
823789 823867
837619 837673
856025 856188
877431 877614
891427 893030
966004 966391
967337 967426
970765 970817
971139 971400
972235 972483
993041 993230
1052934 1053081
1064357 1067248
1068169 1072036
1119073 1119310
1134761 1134981
1137057 1137219
1153936 1154145
1189650 1189885
1191230 1191627
1196956 1200591
1202746 1203343
1234711 1234915
1254015 1254256
1364876 1365547
1369000 1370995
1372245 1377281
1424946 1425242
1682273 1682419
1900550 1901165
1969651 1969808
1983638 1984899
1985434 1985831
2110588 2111847
2117851 2120051
2154046 2156266
2156383 2157944
2158023 2158305
2158751 2164428
2164544 2164841
2165839 2167129
2167756 2173878
2176798 2177422
2186686 2187209
2187813 2188147
2188322 2191954
2192459 2198594
2198686 2200017
2211568 2211931
2212060 2212137
2212542 2212833
2246526 2247768
2377124 2385801
2386501 2397075
2427691 2434448
2470095 2470580
2470658 2470746
2470972 2471100
2472973 2478737
2542164 2542398
2570641 2570844
2675201 2676796
2756322 2756884
2843462 2849431
2927592 2929571
2956395 2957831
2958401 2958657
2967652 2970454
2970608 2970787
2972018 2972257
2972343 2974933
3009809 3010076
3020954 3021400
3028747 3029193
3048398 3048587
3073683 3073886
3075888 3076841
3091182 3094701
3099480 3099745
3112163 3116317
3146937 3148376
3214584 3217842
3315681 3316681
3317099 3317153
3317382 3317457
3317573 3317708
3318214 3318314
3319178 3319235
3319867 3319934
3369049 3369180
3421886 3427664
3428763 3431511
3485530 3488375
3497067 3498354
3513221 3513556
3514629 3516202
3530713 3530953
3531444 3532515
3532667 3533395
3540208 3540410
3598805 3598974
3700460 3700782
3703942 3704198
3706069 3706264
3754721 3754941
3775818 3775925
3776157 3776273
3776546 3776690
3776905 3777052
3777379 3777488
3777611 3777674
3777779 3777956
3778770 3778851
3805899 3806058
3882582 3884796
3992166 3992430
4013331 4015337
4039773 4039954
4083576 4084698
4103321 4107532
4115616 4116651
4127194 4127456
4131238 4131398
4137877 4138044
4194503 4196816
4199997 4201354
4221348 4221912
4223432 4223857
4224577 4225087
4286109 4287703
4320427 4320970
4385264 4385324
4385445 4385520
4387306 4387534
4432034 4432315
4480883 4481250
4502093 4502332
4504239 4504302
4505506 4506607
4549729 4550104
4552848 4555802
4556566 4558462
4559012 4565311
4566564 4567115
4567328 4567529
4567629 4567704
4568147 4568335
4571008 4571296
4573062 4590191
4590269 4591395
4591587 4592350
4593205 4593426
4594154 4594218
4594338 4609009
4609291 4609712
4616844 4617456
4624726 4625046
4627151 4627480
4628041 4628179
4628362 4628572
4628863 4630399
4631192 4632867
4634070 4640485
4647163 4655840
4655943 4674367
4674461 4674674
4674749 4674804
4674906 4675578
4676265 4676422
4676570 4677640
4677762 4678099
4678364 4679452
4679699 4679907
4679976 4680887
4681674 4681752
4682327 4682632
4682949 4683373
4683476 4690076
4690388 4696737
4696831 4696992
4697209 4697303
4697552 4697659
4698313 4698858
4698962 4699062
4699567 4699669
4701556 4702836
4703065 4703165
4704085 4705183
4705396 4705496
4705663 4706267
4706986 4707626
4708080 4715859
4716427 4717360
4717451 4734879
4736191 4736291
4737168 4743050
4743165 4745924
4746055 4747062
4747164 4751200
4752369 4752634
4753414 4753469
4754240 4755013
4755550 4757640
4758621 4759843
4760506 4760562
4760642 4761315
4762137 4763426
4763926 4763989
4764111 4764723
4765490 4766473
4767262 4767812
4768025 4772086
4772377 4778951
4779100 4779625
4780975 4781281
4781406 4782370
4785215 4785832
4786143 4786831
4787013 4787990
4788379 4789143
4791272 4791372
4791480 4791585
4792011 4792137
4792767 4792838
4793122 4793709
4793810 4794315
4795993 4796616
4796770 4797065
4797447 4797982
4798831 4798890
4800408 4800587
4800702 4800753
4801418 4801596
4801801 4802037
4802120 4802314
4802412 4803986
4804354 4804639
4805205 4805327
4805415 4805476
4805787 4806156
4806864 4807043
4809831 4810376
4810815 4811661
4813312 4813601
4814340 4814819
4814974 4815655
4815905 4816320
4816426 4816486
4816640 4816801
4817002 4818893
4819105 4819180
4819271 4819422
4819608 4820168
4820913 4820997
4821139 4821790
4822268 4822572
4825079 4827511
4828758 4832420
4834243 4834686
4836786 4837660
4838054 4838170
4838260 4839181
4839965 4840390
4840509 4840850
4841155 4842408
4842691 4842902
4843004 4845091
4847014 4847707
4849140 4849840
4850826 4851677
4855285 4855511
4865886 4865983
4866800 4867874
4868897 4869489
4874281 4874335
4875455 4875730
4876471 4876833
4876919 4878485
4878672 4885424
4885554 4886132
4899737 4899877
4900367 4902853
4903035 4904535
4905953 4907464
4908249 4908677
4910532 4910786
4911380 4911637
4913143 4913836
4917724 4917793
4919223 4919339
4931149 4933576
4933709 4933818
4934054 4934122
4934459 4934589
4935444 4936721
4938120 4938522
4938919 4939744
4939852 4940103
4941261 4941346
4942461 4942827
4942969 4943324
4943796 4944789
4944911 4950750
4950853 4959137
4959357 4960348
4960435 4962002
4962215 4963545
4963648 4964669
4964760 4967637
4968326 4971533
4971975 4972865
4973907 4973959
4974516 4974854
4974938 4975018
4975750 4976130
4976607 4977550
4978644 4987470
4987582 4987833
4993605 4995068
4995361 4996205
4998370 5000658
5002269 5004719
5005363 5005545
5005839 5006132
5007673 5008068
5008500 5009900
5010987 5012187
5012583 5013416
5013488 5015653
5016566 5017700
5017880 5019683
5021957 5022769
5023181 5023478
5023660 5025612
5025830 5031722
5032096 5034217
5034341 5035101
5035366 5037290
5037584 5042032
5042326 5043751
5044084 5057181
5057366 5057675
5057762 5062676
5062754 5062853
5064597 5065064
5065281 5069098
5071098 5071662
5075359 5075782
5075874 5076269
5076363 5079174
5079471 5093690
5099393 5102840
5108836 5108895
5109420 5109512
5109933 5110159
5110766 5111036
5111959 5112426
5113551 5113764
5114018 5115308
5115694 5116965
5130380 5139726
5139976 5140487
5140634 5140833
5141174 5188793
5189305 5191182
5191696 5193252
5193455 5193892
5194054 5194211
5194313 5197885
5198001 5198175
5198446 5198605
5198676 5199467
5199469 5199625
5199706 5199889
5200139 5200241
5200386 5200540
5200620 5200699
5200768 5200956
5201218 5201371
5201437 5201562
5201779 5201943
5202019 5202462
5202619 5202764
5202842 5203390
5204721 5204791
5205665 5223313
Tb927_11_LH_fork_v5.1
1 14430
Tb927_11_RH_fork_v5.1
1 98
1809 3432
5134 13030
13180 15990
19054 21434
21934 34350
34672 39247
39313 40365
40657 40985
41399 44290
44394 49907
50207 51756
51983 53957
54028 62348
63132 63918
64187 68068
68554 73351
73750 76647
76891 84429
84890 86370
86449 97850
97926 106224
106627 107119
108676 113788
113928 114981
115064 115973
116109 116160
116303 117953
119420 119737
119948 120824
121879 122163
127847 128704
133541 135876
136705 136873
137724 137799
139853 144950
145344 145674
147041 147346
149165 149405
149657 151190
151345 164646
164754 171300
173042 173191
173275 175264
175703 176007
176131 189157
189586 190656
191226 191610
191945 195629
196082 206897
207324 209635
209897 215317
215439 215503
215740 215856
216046 218476
218903 219636
219749 220260
224203 226689
227928 228820
228980 237682
237805 246829
247133 247958
248104 249035
250364 250465
250808 275163
275247 276498
276629 277042
277375 278250
278485 278965
279106 279699
279952 280101
282515 285827
285930 286024
286390 287283
287782 289518
289655 299243
301220 301658
302248 302404
303209 303416
305612 306419
307386 307514
307667 307729
307851 308367
308830 308985
310499 311730
311863 317695
317836 318759
318864 318974
319123 319564
319705 320065
321572 321833
322482 322639
325517 325967
326120 327765
327910 328245
328323 329912
332656 333635
336358 336915
337963 338212
339010 339673
340802 342129
342598 344253
344323 344509
344577 344726
344803 351976
352159 352559
353039 353283
353589 354570
355068 355122
355636 355745
357415 357851
358032 358128
361422 362014
363685 363901
366666 366896
367347 367747
367862 368120
369647 369700
370151 371255
371971 372025
372915 373779
379519 379654
379863 380244
380843 381723
382525 383988
384787 384893
387248 388491
389119 393649
394591 395439
395786 395888
396233 398116
398455 411003
411477 415112
415240 415849
416129 426808
426888 429354
429470 430750
430831 431267
431438 431490
431591 434507
435179 439616
439733 443769
444309 447293
448292 450584
450687 452614
452863 453002
453249 453778
454346 454702
455229 455610
455730 457225
457570 457681
458958 459079
459639 460978
461590 466417
467494 468202
469991 470268
470830 471282
471729 473274
475270 476014
478492 478710
479478 479574
481811 482106
485117 485421
489234 489660
490161 492273
492394 492471
493974 497418
499138 499324
499735 499808
500594 501260
501356 504808
506565 506963
507035 507993
508070 508171
508585 509022
509269 509791
509967 510579
511363 511704
511806 512858
513200 516913
520001 523341
524401 524779
524858 525830
526077 526132
526362 526633
526743 527065
528374 528970
536533 537119
542356 542528
547467 547767
547870 548240
550609 550850
553492 556448
556834 557735
561356 561545
561771 562020
562091 578115
578493 579893
579998 580592
580770 591154
591232 591485
591601 614639
614793 614971
615441 615619
617373 625185
625337 625884
628332 631406
631723 632127
632296 634084
634170 635972
636103 636814
637467 642668
642740 644455
644530 648209
648284 652548
652680 654494
655843 666734
667266 667774
670581 670951
671645 671966
672128 673017
674809 674858
675479 675664
676090 678667
679932 680065
680227 680335
680760 680990
681078 683418
683539 684073
684209 685097
685344 686362
686666 686763
687147 687576
687912 688180
690483 704210
Tb927_11_Homologues_1_v5.1
1 1952
Tb927_11_Homologues_2_v5.1
1 1546
Tb927_11_Homologues_3_v5.1
1 942
1982 2103
4502 12253
12665 13414
16852 17114
17836 20408
11L3_v3
1 63482
5K5_v5.1
1 36447
42485 48947
60721 67926
69700 74547
74616 75323
75564 75980
76292 76602
78838 84194
85197 90198
90307 90953
91056 95323
95384 95544
101547 101816
105247 106921
107866 108079
113686 115608
116180 116418
117209 117314
125800 137863
138261 138327
145494 145724
146371 146629
146732 146816
148402 148701
GTRYP_4071_4094_1a01.w2k4071
1 4972
5249 8503
8569 10366
10505 11443
11545 18466
TP26M21_2a10.p1k
1 26841
27476 28717
29029 30785
31028 31211
31301 39798
TP26P4_1a02.q1ka
1 1074
1187 6745
7275 16439
TP26P4_3b07.q1k
1 3007
3073 3823
3921 4361
4456 4796
5317 7803
8099 8285
8378 9542
9979 11157
11250 11738
11835 14515
15993 17108
17230 22096
22178 22914
24063 24242
25066 25796
27460 27619
30691 30783
36273 36436
38874 39212
41765 42200
42389 42477
43758 43819
43989 44634
47827 47885
48330 48463
53183 56260
TP26P4_5g04.p1k
1 7984
8077 9475
9745 11724
11826 11880
12134 13037
TP26P4_6c09.p1k
1 4290
4820 4964
6492 7419
8031 9413
10236 11688
12214 12970
13985 14194
14857 16240
16848 17002
17531 19078
19170 20979
21890 22877
23062 24078
24674 25080
TP29O12a_1b01.p1k
1 215
344 5302
7944 11643
11936 12441
13243 19585
19689 23125
24208 25265
25572 26250
26502 29117
TP3F6_6f06.p1k
1 26266
TP3F6_6h01.p1k
7 4404
4618 13990
TPB1C9_1a08.q1k
1 9803
9936 11334
Tb927_11_bin_v5.1
1 4952
5266 7045
7222 7532
7785 7840
8530 9427
9570 16394
17184 17500
17572 17980
18758 19044
19333 20792
21524 21664
22599 23414
23780 24132
24942 26249
26885 27072
27571 28768
29040 33113
33181 33439
33573 38811
39281 39331
39467 40559
40887 45868
45994 46177
46596 47756
48204 48743
49629 51544
52206 52517
54130 55936
56007 56111
56752 57406
57830 58521
60840 60953
61083 61267
61699 67544
68223 69428
69800 71361
71475 73749
74095 74798
75701 76138
76356 77605
77897 79331
79627 81792
81866 82246
82320 83254
84913 85437
85817 89289
89530 92269
92876 93017
94265 95899
96079 99019
99258 99359
99801 101167
101728 102623
102709 102816
103148 105066
105315 106102
106169 106311
106480 107567
109065 109445
110121 110294
110822 112490
113292 113466
113622 113727
115612 116014
119550 120938
121007 121271
122543 123528
124427 125767
125845 127047
127576 127654
128138 129005
129137 129275
129573 130693
196659 196833
199360 212254
216653 217489
221925 223293
224129 225644
226311 226611
227915 228920
229698 235805
236493 258201
258302 258839
259595 260198
260276 325825
325926 362983
363661 363897
364488 365774
367304 367498
367910 369886
370548 388470
388571 419371
425869 429593
437966 445852
445953 446749
446751 511440
511541 538024
538026 540729
540830 569601
569702 596376
596477 598647
600709 605558
616773 617723
617800 621022
621123 645882
645983 669405
669506 692921
693022 693259
693804 697630
699576 701747
702189 707360
707474 710919
711064 711392
711544 714842
714908 714975
715076 732913
733014 735556
736139 737010
737517 739277
739715 742721
742942 747817
747989 763041
763142 770614
770616 780282
780865 786769
787385 793478
793579 800067
800205 806249
806251 809720
809875 819046
819147 831451
831453 831673
831879 844396
844497 845325
845551 846699
847010 847729
849272 849384
849577 851329
853321 853937
855284 855640
855842 856133
856234 871208
871454 871704
871895 877128
877229 878859
878928 880055
880209 880357
880455 881734
881814 886306
886393 898987
899088 909185
909286 911459
911494 914067
914143 914234
915164 915444
915627 916378
919950 922540
922615 923382
923549 923710
923808 924268
924376 927866
928048 928616
928873 929761
929862 934364
934917 939372
939473 941959
941961 949216
949317 956784
956786 958688
958789 959736
959876 961360
961385 962601
962603 968285
968386 973867
973869 976351
976396 977622
977723 987006
987107 996467
996568 998154
998224 1005484
1005585 1014424
1014525 1021652
1022166 1023667
1023768 1032684
1032785 1036515
1036536 1039563
1039565 1041600
1041701 1044068
1044070 1044365
1044372 1050392
1050493 1057477
1057543 1063564
1063566 1065808
1065929 1067790
1067891 1071698
1071769 1076526
1076627 1076833
1076835 1085008
1085109 1091639
1091740 1091910
1094155 1100103
1100204 1108393
1108494 1108919
1111136 1116547
1116648 1120969
1121145 1124725
1124826 1132949
1133050 1141100
1141201 1143462
1143472 1148889
1148990 1153894
1153908 1156507
1156608 1160009
1160526 1164159
1164260 1171899
1172000 1179533
1179535 1184860
1184901 1187006
1187107 1187856
1187858 1189638
1190653 1190984
1191173 1194494
1194595 1202028
1202129 1209394
1209495 1215922
1215924 1216105
1216134 1216886
1216987 1217339
1217360 1220062
1220301 1221218
1221304 1224614
1225356 1231080
1231610 1258572
1258924 1266938
1267533 1273982
1274171 1274400
1274402 1290861
1290863 1293380
1293382 1307238
1307240 1320870
1321164 1325349
1325973 1336904
1336985 1339361
1339363 1355568
1355747 1359111
1359435 1382065
1382650 1386131
1389373 1391659
1391661 1402126
1402128 1404825
1404893 1405568
1405570 1417191
1417193 1425646
1426258 1446567
1446825 1448703
1448854 1450142
1450672 1471887
1471889 1476393
1476396 1476486
1476519 1482878
1483089 1484587
1484589 1485581
1485583 1488412
1489050 1489232
1489480 1490053
1490957 1537632
1537825 1544981
1545082 1550567
1550571 1556958
1557483 1570501
1571232 1571915
1571920 1573464
1573466 1582796
1582798 1583120
1583999 1584051
1584593 1585820
1586720 1587839
1587842 1597755
1597890 1600239
1600589 1608779
1608794 1609470
1609823 1612837
1612839 1614074
1614076 1623899
1624275 1627843
1627845 1639526
1639528 1640618
1642067 1642805
1643453 1644175
1644177 1650151
1650163 1683730
1683748 1693092
1693094 1696384
1696386 1700892
1700894 1712439
1712441 1713496
1713583 1713688
1714708 1722027
1722029 1732211
1732213 1754583
1754737 1756207
1756228 1764437
1764451 1778324
1778326 1778391
1778393 1787650
1788297 1795528
1795537 1796794
1796796 1811390
1811392 1811464
1811850 1823674
1823676 1843645
1844846 1845190
1845357 1852597
1852599 1852948
1852950 1858601
1858632 1858875
1859385 1862031
1862179 1864902
1866889 1871954
1871982 1875763
1876186 1876997
1877755 1882731
1882852 1883049
1883245 1892945
1892948 1893004
1893006 1903851
1903929 1915844
1915935 1924514
1924516 1924600
1924602 1935351
1935450 1938241
1938758 1939574
1939722 1949390
1949392 1984712
1985264 1985317
1985460 1988223
1988225 1991067
1991070 1997858
1997860 2010203
2010205 2011654
2011656 2020848
2020986 2021172
2021369 2021429
2021564 2022926
2023757 2052192
2052225 2052494
2052496 2052894
2053092 2053236
2054412 2054754
2054828 2054927
2055538 2055733
2055851 2057806
2057903 2060210
2060220 2060951
2060962 2064226
2064864 2081310
2081388 2088719
2089109 2101243
2101545 2102287
2102399 2102750
2102841 2103935
2103943 2109577
2109797 2110964
2111080 2111175
2111415 2111469
2111566 2116015
2117204 2117369
2117743 2117885
2118032 2123015
2123044 2123636
2123638 2131942
2132029 2138983
2138985 2139094
2141262 2142691
2143003 2157235
2157237 2159012
2159117 2169126
2169248 2169341
2169831 2169951
2169953 2170099
2170101 2172120
2172414 2172597
2172887 2174663
2174665 2175557
2175559 2187744
2187964 2188092
2188280 2189551
2189553 2194553
2194555 2212365
2212742 2230560
2230673 2231033
2231035 2247156
2247159 2258359
2258379 2264753
2264755 2269629
2269631 2278208
2278428 2278524
2278741 2280045
2280123 2282725
2282727 2291913
2291915 2291970
2291972 2301591
2301593 2306917
2306921 2332530
2332532 2344856
2344859 2354678
2356855 2362205
2362208 2363047
2363049 2375563
2375752 2382838
2382840 2396931
2396933 2397020
2397022 2405004
2405006 2424036
2424609 2428835
2428837 2434798
2435322 2435622
2435730 2439278
2439280 2439368
2439370 2444040
2444145 2450033
2450035 2455384
2455939 2456285
2456762 2457045
2457047 2457560
2459661 2468597
2468688 2488469
2488502 2495006
2495016 2502239
2502241 2502297
2502337 2502501
2502548 2510730
2510732 2519531
2519617 2519681
2519683 2523692
2523694 2524644
2524723 2525011
2525152 2532192
2533106 2533538
2533540 2539553
2539555 2539757
2539759 2540494
2540882 2540983
2541221 2550783
2550785 2569423
2569425 2572569
2573974 2576169
2576171 2582636
2582638 2587841
2588761 2597778
2597848 2597965
2598131 2612646
2612661 2612711
2612725 2650844
2650846 2661670
2661718 2663026
2663028 2663079
2663081 2668082
2668257 2671580
2671858 2672102
2672298 2684190
2684192 2686593
2686595 2699600
2699602 2706973
2706975 2707662
2707815 2712268
2712276 2712344
2712409 2722593
2723651 2747260
2747262 2747398
2747435 2750584
2750762 2751353
2751423 2751726
2752415 2752473
2753746 2755466
2755468 2755521
2755523 2780262
2780783 2799796
2799827 2801019
2801119 2801439
2802898 2802961
2803044 2803153
2803501 2806929
2806931 2836951
2836981 2851271
2851779 2859329
2859331 2863981
2863983 2875962
2876008 2880597
2880823 2881072
2883633 2896466
2896468 2913565
2913578 2922453
2922455 2923057
2923081 2941957
2941959 2947039
2947041 2947891
2947893 2948970
2951896 2952240
2952242 2963198
2963365 2966174
2966470 2966793
2967809 2968951
2968953 2969050
2969052 2969122
2969155 2978762
2978765 2978945
2978947 2981115
2982069 2987013
2987221 2987415
2987579 2987745
2988133 2988297
2989790 2990164
2990166 2990235
2990237 2998923
2999684 3003281
3003467 3007208
3007210 3008167
3008169 3008881
3009994 3015898
3015962 3024477
3024513 3038369
3038444 3038817
3038890 3041189
3041191 3042588
3042590 3042718
3042720 3044654
3044656 3044887
3044972 3070793
3070795 3073246
3073272 3090301
3090659 3090769
3093138 3098272
3098274 3115624
3117164 3118241
3118243 3125177
3125249 3133300
3133435 3142355
3142357 3148103
3148135 3152280
3154481 3154539
3157897 3168843
3168845 3169028
3169037 3191538
3191878 3192231
3192527 3194809
3195362 3211003
3211781 3213582
3213586 3225698
3225716 3233423
3235075 3236836
3237040 3237092
3237121 3241129
3241131 3249408
3250754 3252046
3252048 3257300
3257520 3257592
3257610 3265614
3265805 3268514
3268516 3284803
3284805 3284990
3284992 3285099
3285101 3290946
3290948 3291503
3292416 3295620
3295656 3296162
3297147 3298404
3298406 3317103
3317105 3317956
3318063 3318266
3318441 3322358
3322360 3322409
3322411 3322461
3322463 3322523
3322537 3325128
3325149 3330538
3330686 3333184
3333186 3335826
3335828 3345539
3345541 3354182
3356850 3358180
3358182 3358506
3358584 3363425
3363506 3363789
3364290 3378073
3378077 3383829
3383831 3393825
3393828 3395462
3395464 3396394
3396457 3410992
3411033 3411162
3411164 3411308
3411349 3414901
3414903 3416678
3416680 3425306
3425309 3427532
3427534 3429104
3429106 3429170
3429172 3439781
3440504 3440780
3440782 3440867
3440869 3442556
3442558 3450053
3450695 3468325
3468327 3468385
3468422 3469230
3469257 3469365
3469367 3470427
3470429 3472473
3472594 3474851
3475471 3476908
3476978 3482212
3482214 3485033
3485446 3486662
3486903 3489935
3490109 3490317
3491050 3491154
3492491 3495797
3495799 3500051
3500053 3501476
3501478 3503784
3504019 3515170
3515172 3517050
3517052 3519850
3520164 3520403
3520405 3525499
3525536 3525662
3525681 3525732
3525744 3530821
3530849 3531619
3531621 3539652
3541059 3553748
3553822 3556278
3556282 3556349
3556373 3559010
3559631 3560551
3560625 3560719
3560789 3560999
3561158 3561385
3561387 3562137
3562720 3564548
3564550 3567290
3567292 3569353
3569355 3569441
3569464 3571556
3571558 3576087
3576504 3576755
3576905 3577176
3577450 3582420
3582422 3591584
3591621 3591680
3591781 3592114
3592271 3601963
3602026 3605067
3605069 3606865
3606867 3620763
3621516 3627143
3627662 3629914
3631289 3641752
3641760 3654164
3654166 3655043
3655045 3674025
3674027 3674096
3674098 3678163
3678165 3678317
3678869 3684762
3685866 3691221
3691223 3698954
3698956 3699399
3699401 3700917
3700997 3701066
3701068 3703589
3705910 3706391
3706462 3712504
3713033 3715551
3715553 3716218
3716277 3718564
3718566 3720568
3720570 3734337
3734339 3735180
3735252 3742990
3742992 3745601
3745603 3748647
3749432 3749804
3749806 3753751
3753753 3756194
3756197 3759247
3759292 3760594
3761223 3763415
3763481 3764094
3764097 3764148
3764150 3767301
3767303 3769664
3770656 3776173
3778574 3779632
3780236 3780720
3780722 3780777
3780779 3787803
3787805 3787874
3787876 3788088
3788195 3790772
3790774 3794808
3794885 3794938
3794940 3797769
3797799 3804855
3804857 3820219
3820468 3841906
3842775 3859028
3859041 3859093
3859127 3859262
3859264 3865631
3865633 3867312
3867314 3873429
3873439 3876588
3876590 3879369
3879371 3880919
3881338 3882683
3882780 3887583
3888176 3893718
3893720 3894400
3894402 3906979
3906981 3908431
3908434 3908607
3908687 3908768
3908850 3908911
3909011 3909062
3909646 3910006
3910300 3929218
3929220 3933879
3934638 3934838
3934919 3936561
3936666 3938328
3938495 3943049
3943051 3947036
3947038 3948665
3948713 3948806
3948816 3950826
3950925 3952336
3952439 3959354
3959398 3965372
3965374 3966896
3968511 3970917
3970923 3978025
3978065 3980129
3980131 3996237
3996239 4001643
4002166 4015220
4015262 4028896
4029291 4029685
4029933 4030176
4030202 4035122
4035164 4035964
4035966 4036204
4036206 4036304
4036306 4044909
4045439 4048536
4048538 4052537
4053258 4055887
4055889 4066068
4066277 4066375
4066450 4066594
4066727 4071432
4071437 4082665
4082667 4093240
4093242 4093291
4093996 4094607
4096231 4102304
4102306 4103895
4103897 4104046
4104048 4109372
4109374 4110536
4110552 4111886
4111888 4115744
4115818 4115871
4116258 4116501
4116503 4122371
4122373 4122452
4122670 4123125
4123129 4126176
4126178 4126729
4126885 4127580
4127582 4130528
4130611 4131621
4131623 4131673
4131693 4135004
4135006 4135232
4135234 4139078
4139080 4139908
4139910 4146627
4146744 4148363
4148365 4150265
4152098 4161522
4161711 4161799
4162038 4162602
4162604 4165464
4165466 4170096
4170374 4170524
4170526 4171181
4171336 4171491
4171766 4171827
4171894 4176800
4177007 4179703
4179737 4202423
4202425 4203506
4203508 4215320
4215571 4219998
4220000 4220203
4220205 4224531
4224555 4226913
4226921 4228937
4228941 4243154
4243271 4243569
4243571 4246510
4246727 4247520
4247671 4254146
4254148 4255194
4255275 4255763
4256152 4261212
4261214 4261325
4261327 4263575
4263577 4273367
4273369 4277831
4278534 4285129
4287286 4287903
4287981 4288923
4288925 4289427
4289429 4298517
4299948 4303123
4303696 4305250
4305252 4305477
4305479 4305616
4305618 4315219
4315758 4324923
4325544 4327873
4327875 4329081
4329234 4329388
4329518 4333990
4333992 4335479
4335746 4339845
4340411 4349160
4349162 4354132
4354134 4354259
4354261 4356793
4357016 4357770
4357772 4360849
4360851 4365512
4365514 4366203
4366205 4367755
4367757 4373308
4373310 4382835
4383232 4385183
4385198 4391651
4391653 4392152
4392220 4394122
4394124 4412538
4412540 4412630
4412748 4414842
4416931 4420993
4420995 4437639
4437641 4437712
4437714 4462759
4462761 4463623
4463879 4464075
4464280 4464451
4464929 4465581
4465939 4466450
4466727 4473418
4474394 4478312
4478316 4479296
4479299 4486058
4486060 4486462
4486464 4494084
4494167 4501601
4501603 4515904
4516454 4522116
4522771 4524875
4524878 4526796
4526798 4526875
4526877 4537226
4537908 4538423
4539289 4541317
4541319 4543312
4543314 4551516
4551585 4553629
4553657 4555858
4555873 4559117
4559119 4574055
4576034 4582571
4582776 4590662
4591099 4598337
4598339 4600285
4600287 4605471
4605474 4606394
4606396 4610538
4611829 4611906
4612524 4617647
4617666 4618477
4618489 4621205
4621287 4621863
4621955 4622059
4622239 4622365
4622444 4624660
4624759 4624820
4625313 4630923
4630925 4633284
4633414 4635196
4635437 4648773
4649389 4653841
4653843 4666976
4666978 4670753
4670755 4686797
4686799 4686945
4688766 4692627
4692629 4695343
4695734 4695880
4695999 4696664
4696666 4699586
4699588 4701336
4701338 4701622
4701624 4701788
4701831 4707387
4707759 4710562
4711122 4712535
4712537 4720249
4720251 4721153
4721781 4722332
4722573 4727511
4728351 4733925
4737082 4737469
4737720 4741723
4741795 4742097
4742163 4742245
4742314 4742589
4742805 4759036
4759124 4759362
4759917 4760003
4769746 4770145
4770430 4770964
4771038 4774133
4774671 4775269
4775458 4776665
4779466 4780133
4780910 4783342
4784790 4784991
4785137 4786584
4787089 4788600
4789331 4789402
4790262 4790658
4791632 4793358
4793482 4793863
4794230 4794348
4794701 4794761
4795146 4797601
4800906 4801151
4803450 4804401
4804513 4804626
4806676 4807766
4808529 4809467
4809773 4811914
4812097 4812460
4812538 4812687
4813089 4813570
4813856 4813989
4814285 4814373
4814721 4822735
4824146 4824333
4824512 4825389
4828575 4829677
4830133 4830186
4830265 4832349
4832667 4836554
4836676 4837997
4838081 4844978
4845298 4845494
4845597 4852746
4853056 4853122
4853283 4853527
4854511 4854880
4855799 4855886
4865593 4866470
4868450 4871151
4871229 4871459
4874782 4876128
4876218 4889862
4890362 4908383
4912467 4913416
4914222 4915853
4917134 4919304
4919448 4967089
4968405 4969890
4975495 4975932
4990574 4992899
4995217 4995402
4996020 4996326
4999644 5000091
5000289 5005702
5005704 5008339
5008367 5043263
5043413 5044069
5044287 5046273
5046528 5056558
5056699 5057966
5058134 5058239
5058314 5059394
5060032 5060195
5060556 5061843
5061970 5062469
5063013 5063197
5063274 5063328
5064313 5066280
5066355 5067502
5068011 5123208
5123210 5146119
5146669 5149058
5149371 5149508
5149663 5149856
5149934 5150517
5150619 5155867
5156034 5156291
5156659 5156974
5157052 5159576
5159896 5165024
5165026 5165186
5166080 5197071
5197073 5261548
5261700 5270444
5270446 5272006
5272031 5272087
5272148 5278065
5278286 5278735
5278868 5280578
5280606 5283476
5283483 5285858
5290773 5315963
5315965 5319431
5320468 5323823
5324645 5326988
5328653 5333065
5333194 5333257
5333553 5335197
5336869 5336929
5337153 5346467
5346559 5347154
5347502 5353333
5353411 5358505
5358507 5359053
5359129 5359404
5359687 5360493
5360850 5376317
5376532 5381703
5381783 5382388
5382880 5383266
5384154 5384547
5384549 5389440
5389442 5394245
5394361 5396951
5397080 5401858
5402184 5402268
5402270 5404124
5404126 5408722
5408724 5408791
5409765 5409875
5409891 5409946
5409949 5411633
5412365 5413054
5413843 5416223
5416234 5423797
5424119 5424323
5424436 5429291
5429293 5435590
5435619 5436405
5436482 5436549
5436684 5436970
5437040 5437583
5437672 5438282
5438374 5439917
5440132 5457035
5457124 5459343
5459345 5459397
5459399 5471017
5471029 5471790
5471866 5471965
5472256 5477381
5477383 5477667
5478269 5485909
5485911 5486032
5487254 5487383
5488301 5489988
5490245 5497455
5497685 5499888
5499890 5506797
5506904 5507550
5508331 5516346
5516348 5524007
5524009 5524080
5524082 5524210
5524212 5526599
5526601 5526685
5526721 5526912
5526917 5533086
5533879 5554043
5554217 5555293
5555428 5561187
5563276 5575101
5576111 5581213
5581605 5582317
5582319 5582385
5582387 5582790
5583131 5584756
5584758 5585836
5585923 5586145
5586221 5586385
5586456 5586545
5586957 5587010
5587458 5587572
5587693 5598354
Tbrucei.chr8.100
1 4664
5360 8882
10180 10780
11367 19523
21262 24018
24570 30886
30973 33155
33612 36628
36697 37132
37243 38646
38787 40168
40324 41073
41534 45025
45255 47956
48939 50233
50944 51360
51918 53368
54073 54378
54568 54905
55168 55634
55899 57546
59869 60571
61047 61450
61891 62134
62403 64052
65788 66215
66297 69426
69766 70822
71115 71427
73485 79636
79946 80782
81454 81518
82119 82551
83453 84058
85117 87928
88606 88912
88985 89532
89614 91623
93010 94943
95024 95618
95793 98187
98314 98880
99080 99588
99790 100798
101323 101664
103195 104425
104870 105247
105861 105923
106731 106830
107055 107371
107492 108377
109796 112399
112540 113337
113434 114008
114319 114978
115482 116583
117453 122199
122547 122624
122873 123226
123797 125732
126218 126844
127057 128057
128425 130492
133656 135586
136150 137044
138054 139266
139599 142780
143164 143354
143450 144263
144367 145069
Tp_ends_39g01.p1k
1 14693
Tp_ends_40b06.q1k
1 323
5703 14708
tryp_IXa_16h03.q1c
1 11697
tryp_IXb_1c10.p1c
1 1027
1097 1757
1827 1914
2118 2267
2348 2516
2624 2729
2831 3684
4980 6164
6989 7631
10872 12727
12893 13214
13928 14696
16809 17644
tryp_IXb_217g08.q1c
1 1535
1637 6416
6482 7164
9099 9161
14913 15170
15328 15425
15609 15691
16317 16663
16924 17386
17471 17536
17646 17820
17914 18244
18508 18656
18765 18832
18996 19104
19184 21401
21538 38086
38278 39147
39898 55738
55833 56181
58815 59578
60006 61519
61597 63140
63285 63808
64553 66376
66521 66582
66913 67019
67200 67612
67860 67968
68142 68312
68409 71090
71183 75013
tryp_IXb_218d07.p1c
1 5248
6756 9539
9693 10274
10396 11039
11143 12484
13493 15003
15614 22041
25887 44859
45327 47634
47778 95627
96636 96832
99777 100278
100437 100801
101050 107460
107854 108155
114002 114167
117252 117737
123253 124556
125850 126190
135416 155594
159486 160007
160457 160729
160986 164991
165480 165765
165878 165945
166014 166129
166356 169032
170135 172765
172892 173129
173259 173874
174416 176954
177068 179913
184910 190968
191060 193131
193341 193752
194296 195926
196984 197190
202148 202331
202943 208535
209780 209890
211487 212389
212969 213646
214537 214851
215220 217976
tryp_IXb_247f12.p1c
1 8672
8792 11856
12003 13252
tryp_IXb_277d03.p1c
1 6961
7221 13947
tryp_IXb_314f06.q1c
1 2820
3238 3324
4320 4695
5477 5574
7440 7495
7648 8153
8293 9021
9162 9307
10469 10665
11107 13452
13546 13981
15352 16480
16556 18399
18651 19547
19645 19700
19966 20511
20832 21233
21301 23323
23497 24042
24131 27053
27164 27405
27671 28007
28127 30465
tryp_IXb_43g07.q1c
1 237
2170 3619
4675 6164
6383 10977
11873 15683
tryp_IXb_68a05.p2k3050
1 16662
18258 19577
19682 20869
21043 21145
22653 32861
32958 36589
36813 43585
43667 43967
45046 45530
46181 46246
46379 46933
47043 47738
47841 57151
57256 57611
57727 59529
59656 59887
60091 60483
60924 61556
61892 62010
62727 62890
63717 64100
65337 65600
66142 67543
67634 69232
tryp_IXb_6d06.q1c
1 10228
tryp_IXb_6g03.q1c
1 1602
1752 4268
4672 6992
7365 7885
8940 12929
13049 15350
15638 16602
16932 24753
25657 26972
27041 27494
27703 28938
29029 29252
29668 29839
30228 30854
31461 33112
33178 33378
33648 34463
34729 40856
tryp_IXb_73h01.q1c
1 8043
8545 8747
8819 21800
22268 22331
22574 22781
23012 23527
24165 24306
24712 25690
25796 30769
30866 36088
36322 36763
tryp_IXb_86g11.p1c
1 838
1024 1639
1745 2174
2283 2431
2670 3606
3728 4136
4268 4470
4581 4661
4742 6328
6702 7034
7232 7319
7504 13019
13181 13470
13550 13783
tryp_IXb_93a04.p1c
333 1019
1152 1650
2410 6286
7669 7850
8447 10049
10242 24248
tryp_IXb_98e04.q1c
1 11041
tryp_X_106b08.p1c
1 12960
tryp_X_149c07.p1c
119 465
1034 1193
2128 2274
3654 3725
9018 10157
tryp_X_149e07.q1c
1 8434
8541 12369
tryp_X_155h05.q1c
1 6806
6955 7681
8647 9540
10148 10267
10435 10516
11182 11501
11587 12214
12558 13024
15092 15595
17163 17224
17612 17776
tryp_X_174f04.q1c
1 6707
6835 7614
7714 9550
9663 19856
19998 22661
tryp_X_179b07.p1c
1 86
88 4881
4980 7678
7827 7938
8022 8476
9000 11246
11574 19430
tryp_X_188b09.p2kB601
1 311
418 892
1763 2134
2573 3394
3396 5046
6536 7178
11155 11413
11517 12044
12856 13703
14139 14226
14558 14627
14747 14802
15447 17617
18092 21794
21876 22265
22382 26029
tryp_X_206a03.p1c
1 4898
17782 17873
tryp_X_220a01.q1c
1 205
736 7075
9718 12016
12103 14185
14333 15894
16164 17459
17528 25370
25721 30313
31766 31903
tryp_X_232f09.q1c
1 394
994 1048
1208 3249
3815 4417
4616 7360
7902 9053
9183 9744
11515 12357
tryp_X_254c10.q1c
1 1976
2065 7337
7643 7740
7978 13950
14339 15095
15799 16836
17292 18621
18701 18787
18865 22332
22668 25447
25515 27137
27489 29839
30651 33079
33733 34441
34562 37806
38402 39096
39661 39924
40007 40460
40857 43683
43813 43876
44146 44489
45059 45471
45965 46057
46389 46639
46922 48877
49852 50059
51355 52566
53114 53288
55579 55800
55880 56687
56919 56991
57069 57273
60173 61066
tryp_X_264e11.p1c
1 7944
8542 11160
tryp_X_275g09.p1c
1 10245
tryp_X_276b11.q1c
345 544
1017 1551
2401 2454
6892 6994
7520 7803
8352 8790
8983 9639
11044 12771
13483 13771
14903 14986
16067 16181
17676 18813
19285 19531
19621 20089
20498 20848
23538 23896
24052 24201
25791 26707
27510 28045
28128 28280
29005 29804
30062 30636
30800 31122
tryp_X_284f09.p1c
1 8086
8186 42529
tryp_X_302f11.q1ca
1 27720
28122 28312
29253 29381
33150 34721
35162 35325
35475 35753
39789 39937
43752 44671
45222 45472
50863 51863
54120 54286
54505 55147
56936 57023
57125 57573
57650 57740
57856 58176
58971 59397
59472 59611
59711 59823
59970 60037
60903 61658
63222 63370
64670 64779
tryp_X_313e04.q2kB520
15 637
811 1779
2018 2077
2175 3689
3804 4294
4515 5996
6181 6479
6598 6796
6953 7750
7878 9394
9822 14113
14115 14801
14892 16884
16886 16976
tryp_X_324h11.p1k
1 541
643 867
951 1175
1644 1785
2773 4111
4667 6700
7224 7312
8327 8395
13753 13952
15034 15102
15215 15676
15886 16614
17788 18134
18278 18737
20241 20430
20618 21266
21587 21649
22316 22641
24648 25246
25324 25502
25702 25814
26836 27027
29275 30261
30914 30984
31728 32007
32277 33011
34683 34974
39067 39286
39912 40234
43545 43916
47454 47506
51434 52306
53022 53261
54820 54893
57633 58181
58862 59587
60888 61318
62019 62172
65131 65458
66360 66828
69134 69686
69765 69942
70297 70415
73276 73420
73598 73802
74526 76795
78415 78940
83245 83325
83843 83916
88078 88329
89041 89621
tryp_X_333c11.p1c
1 668
670 32628
tryp_X_36a02.p1c
1 154
1148 2373
2452 4810
5365 5944
6164 6513
6696 8522
8609 8816
9698 10338
10474 11782
11997 12882
12970 13373
13964 15758
tryp_X_423d07.p2kB114
1 516
959 2037
2838 2906
3172 3693
4616 4681
4961 5062
5170 5302
5774 5918
7334 16506
tryp_X_432f03.p2kB42
1 15352
tryp_X_448g06.q1c
93 663
665 2632
2634 3479
3545 3833
3940 4011
4088 4252
4254 5817
5819 10621
17415 17974
18156 18566
18710 19546
24686 27284
27331 28045
28084 33503
33635 33816
34198 34473
34681 36628
36800 41267
41554 46568
tryp_X_46d09.q1c
1 5433
5765 6253
6552 6616
6894 7680
7871 8470
14786 14877
tryp_X_48f04.q1c
1 1006
1090 2225
2827 3214
3283 3368
3442 3742
4282 4609
5374 5583
5834 6187
6271 8170
9472 10551
10697 11014
11132 12097
tryp_X_50f09.p2kB193
1 872
954 1289
1866 13865
14371 15431
15639 18004
18074 24412
24641 29451
29776 30023
30109 33761
tryp_X_54d09.q1c
1 15178
tryp_X_68d04.q1c
1 16576
tryp_X_76f06.p1c
1 839
7312 7874
8088 8797
8899 9246
9806 9970
10615 10681
11501 11979
19577 19834
23974 24611
33980 38984
42839 43885
44877 49467
tryp_XI_1007b07.p1k
1 10284
tryp_XI_1007c06.p1k
1 10475
11504 11628
tryp_XI_1011b06.p1k
1 16074
tryp_XI_1026a03.q1k
1 2141
2143 15855
tryp_XI_1032b03.p2k737
1 3057
3352 3865
4140 7589
9079 10604
10673 11318
12204 12397
12717 13243
13486 13746
13840 15322
16285 17024
17730 21179
22122 26517
26879 27739
27869 28160
29153 29557
29632 30661
tryp_XI_1032h01.q1k
1 6774
7110 17155
18923 33559
33634 38083
38206 40317
tryp_XI_1036e06.p1k
1 10867
12702 12784
13049 35719
tryp_XI_1056c09.q1k
1 20378
tryp_XI_1079d10.p1k
1 6575
6688 9403
9949 11344
11549 12108
tryp_XI_1084b11.p1k
1 413
543 13525
tryp_XI_1094c12.q2k740
37 106
153 12271
tryp_XI_1113h05.p1k
1 3419
4360 5019
5245 5638
5716 5964
6281 9271
9590 13729
13875 16832
16834 18544
18546 18607
18800 18867
18968 19136
tryp_XI_1126c12.p1k
1 220
724 4852
4973 7592
7723 7794
7949 11049
11180 12291
tryp_XI_1130e12.q1k
356 3114
3264 6970
7062 7216
7369 8275
8447 8507
8622 15255
15334 18674
18676 18842
18861 18935
18937 19025
19088 19338
tryp_XI_1133d10.q1k
1 3542
3758 5464
5555 7720
7803 8085
8178 16788
16890 17783
tryp_XI_1138e03.p1k
1 13223
tryp_XI_1144a03.p1k
1 5043
5560 18242
tryp_XI_1150d08.q1k
1 21727
tryp_XI_1152c10.p2kA602
1 4459
4538 10845
10987 11175
11378 12429
12558 13544
tryp_XI_139f04.p1c
1 2113
5188 11080
tryp_XI_147f01.q1ca
788 12916
tryp_XI_256a10.p1c
1 14749
14832 15746
16193 21152
tryp_XI_266b02.p1c
1 1454
2102 2201
2541 2759
3152 3606
4051 4274
6168 8097
8187 8440
8541 10023
10345 10654
12042 12330
tryp_XI_270f07.q2k6013
1 975
2281 2605
4812 7045
7118 7177
7358 8796
9570 14898
tryp_XI_285a11.p1c
1 7089
7091 11608
tryp_XI_311f03.p2k913w
1 1536
1684 1785
1883 7664
7933 11389
tryp_XI_314d08.p1ka
1 63
715 854
932 2542
3034 5415
6124 11111
tryp_XI_321e04.q2k4065
1 7207
8340 11622
tryp_XI_339b02.q2k2024
49 8602
9153 11782
tryp_XI_361h08.q1k
1 3682
4056 5274
5471 10695
11285 14926
15039 15471
tryp_XI_374h12.q2kA203
1 1714
1801 2316
2383 10751
10822 17417
tryp_XI_390c04.p2kA614
1 196
198 289
291 13811
tryp_XI_396e01.q2k3025
1 15346
tryp_XI_425g10.p1k
1 103
1779 2952
3773 3902
4513 4565
5220 5410
7169 9414
10550 10670
10739 11364
11792 15011
tryp_XI_431h02.p1k
1 4087
4089 17869
17987 18464
tryp_XI_467d06.p1k
1 18089
tryp_XI_476g10.q2k4126
1 17549
17551 21187
tryp_XI_833h02.p1k
1 9551
10453 10535
11185 12438
12870 15929
tryp_XI_862d07.q2kd7148
1 10206
10315 10699
10784 15059
tryp_XI_872c11.p1k
1 61
98 4484
4589 12873
12875 14115
tryp_XI_881g06.q2k5028
1 2944
3302 6637
6706 11846
12009 15165
15279 17826
18265 18920
tryp_XI_884a07.p1k
1 17182
tryp_XI_887c11.p1k
1 2457
2534 3115
3239 8238
16026 16187
tryp_XI_891h01.q1k
1 2239
2340 6232
6397 12226
12311 14876
14977 16663
17006 17339
17483 20748
tryp_XI_899c04.q1k
1 257
6472 6585
6685 7694
8021 8601
9161 9371
10355 26578
tryp_XI_905b11.p1k
1 15392
tryp_XI_925b07.q1k
1 11870
tryp_XI_944g01.q1k
1 844
885 10348
10376 11830
tryp_XI_944h10.q1k
1 151
153 2016
2668 3708
3974 5683
5788 7999
8273 13686
14225 14458
15358 17154
17439 17555
17692 17816
17978 18365
tryp_XI_967a04.q1k
1 25825
tryp_XI_974h12.q1k
1 14452
tryp_XI_976e03.p2kA567
1 666
860 1306
1633 3325
3327 8891
9479 10005
10404 10568
11168 12490
12492 12566
12568 12646
12786 13036
13233 13968
13970 17608
tryp_XI_983f02.p1k
1 3139
3284 3413
3485 3937
4150 6936
6938 9489
9737 11398
11476 13224
tryp_XI_989c01.p1k
1 6405
6407 6614
6616 11722
tryp_XI_994c05.p2k850
1 10678
10866 12447
